# grafo generado automáticamente para TP3
0,1
0,2
0,3
0,4
0,15
0,24
0,28
0,42
0,44
0,47
0,59
0,67
0,73
0,86
0,110
0,125
0,132
0,136
0,146
0,171
0,191
0,222
0,223
0,238
1,2
1,3
1,4
1,5
1,39
1,59
1,76
1,84
1,113
1,117
1,140
1,146
1,157
1,162
1,165
1,170
1,184
1,186
1,192
1,207
1,217
1,242
2,3
2,4
2,18
2,23
2,35
2,50
2,62
2,72
2,85
2,99
2,107
2,122
2,133
2,188
2,210
2,212
2,228
3,4
3,7
3,14
3,25
3,32
3,49
3,51
3,62
3,82
3,92
3,101
3,121
3,150
3,153
3,163
3,165
3,175
3,198
3,197
3,201
3,227
3,239
4,14
4,33
4,68
4,76
4,94
4,95
4,108
4,118
4,140
4,157
4,176
4,183
4,218
4,231
4,232
4,242
4,248
4,245
5,6
5,7
5,8
5,9
5,12
5,45
5,60
5,70
5,120
5,126
5,130
5,141
5,173
5,180
5,185
5,191
5,203
5,207
5,216
5,218
5,239
5,247
6,7
6,8
6,9
6,26
6,33
6,37
6,41
6,87
6,130
6,137
6,145
6,175
6,191
6,197
6,209
7,8
7,9
7,19
7,63
7,67
7,71
7,77
7,75
7,81
7,105
7,121
7,139
7,150
7,161
7,165
7,180
7,214
7,211
7,220
7,229
7,232
7,235
7,249
8,9
8,12
8,17
8,22
8,27
8,49
8,51
8,59
8,65
8,96
8,102
8,109
8,119
8,129
8,142
8,158
8,156
8,166
8,173
8,197
8,201
8,222
8,227
8,232
8,241
9,21
9,31
9,36
9,44
9,50
9,55
9,83
9,92
9,99
9,103
9,112
9,111
9,117
9,146
9,153
9,164
9,175
9,186
10,11
10,12
10,13
10,14
10,29
10,43
10,58
10,66
10,89
10,118
10,130
10,132
10,137
10,141
10,148
10,153
10,163
10,176
10,178
10,191
10,214
10,215
10,231
10,239
10,249
11,12
11,13
11,14
11,19
11,22
11,26
11,35
11,52
11,102
11,127
11,162
11,167
11,174
11,187
11,189
11,197
11,224
12,13
12,14
12,40
12,57
12,62
12,72
12,94
12,96
12,100
12,109
12,106
12,124
12,126
12,167
12,192
12,208
12,218
12,243
13,14
13,49
13,48
13,50
13,70
13,75
13,84
13,80
13,87
13,91
13,114
13,151
13,155
13,180
13,182
13,201
13,214
13,225
13,239
13,243
13,246
14,19
14,22
14,32
14,38
14,63
14,68
14,78
14,97
14,113
14,118
14,124
14,140
14,156
14,171
14,199
14,204
14,206
14,225
14,233
15,16
15,17
15,18
15,19
15,30
15,43
15,48
15,84
15,80
15,97
15,113
15,124
15,150
15,181
15,195
15,200
16,17
16,18
16,19
16,20
16,26
16,38
16,35
16,46
16,66
16,77
16,86
16,90
16,104
16,115
16,117
16,128
16,134
16,157
16,174
16,175
16,194
16,205
16,207
16,216
16,220
16,234
16,236
17,18
17,19
17,29
17,34
17,52
17,58
17,72
17,136
17,141
17,149
17,156
17,165
17,173
17,217
17,248
18,19
18,20
18,63
18,66
18,75
18,87
18,93
18,102
18,112
18,123
18,129
18,135
18,151
18,160
18,184
18,188
18,194
18,198
18,202
18,214
18,244
18,242
19,41
19,51
19,55
19,62
19,74
19,96
19,108
19,106
19,131
19,143
19,148
19,161
19,165
19,175
19,187
19,210
19,221
19,226
19,225
19,233
19,236
19,248
20,21
20,22
20,23
20,24
20,31
20,33
20,48
20,52
20,58
20,74
20,84
20,88
20,92
20,102
20,112
20,119
20,123
20,132
20,136
20,147
20,154
20,159
20,161
20,167
20,182
20,180
20,185
20,189
20,193
20,220
20,231
21,22
21,23
21,24
21,37
21,42
21,60
21,75
21,88
21,97
21,159
21,170
21,176
21,212
21,210
21,219
21,243
21,249
22,23
22,24
22,27
22,45
22,50
22,82
22,107
22,105
22,129
22,141
22,150
22,173
22,178
22,204
22,206
22,236
22,243
23,24
23,57
23,69
23,70
23,95
23,101
23,122
23,126
23,145
23,168
23,190
23,200
23,223
23,233
24,27
24,35
24,43
24,60
24,69
24,79
24,90
24,113
24,117
24,133
24,136
24,161
24,198
24,208
24,217
24,229
24,225
24,235
24,249
25,26
25,27
25,28
25,29
25,49
25,53
25,139
25,152
25,158
25,181
25,196
25,198
25,206
25,223
25,241
26,27
26,28
26,29
26,34
26,38
26,45
26,73
26,92
26,101
26,117
26,124
26,123
26,141
26,161
26,164
26,173
26,186
26,191
26,214
26,217
26,245
27,28
27,29
27,39
27,55
27,69
27,77
27,83
27,129
27,127
27,134
27,143
27,147
27,151
27,172
27,202
27,208
27,222
27,232
27,236
27,244
27,248
28,29
28,30
28,40
28,61
28,67
28,70
28,78
28,81
28,89
28,85
28,92
28,95
28,103
28,113
28,116
28,156
28,176
28,193
28,204
29,42
29,56
29,64
29,95
29,106
29,114
29,134
29,137
29,148
29,165
29,175
29,184
29,214
29,218
29,226
29,227
29,234
29,236
30,31
30,32
30,33
30,34
30,64
30,78
30,97
30,111
30,148
30,149
30,153
30,176
30,198
30,214
30,218
30,225
30,230
30,236
30,240
31,32
31,33
31,34
31,44
31,55
31,67
31,86
31,98
31,159
31,165
31,200
31,221
31,247
32,33
32,34
32,44
32,48
32,73
32,77
32,84
32,82
32,85
32,92
32,90
32,100
32,103
32,107
32,105
32,116
32,123
32,133
32,131
32,138
32,142
32,154
32,163
32,166
32,171
32,184
32,182
32,187
32,198
32,203
32,224
32,226
32,230
32,244
33,34
33,39
33,52
33,55
33,63
33,71
33,117
33,124
33,164
33,178
33,189
33,191
33,213
33,217
34,37
34,49
34,51
34,69
34,110
34,126
34,127
34,136
34,141
34,158
34,174
34,191
34,205
34,209
34,237
34,248
35,36
35,37
35,38
35,39
35,41
35,56
35,55
35,72
35,86
35,127
35,184
35,181
35,197
35,203
35,204
35,214
35,223
35,226
35,229
35,237
35,246
36,37
36,38
36,39
36,42
36,48
36,64
36,80
36,86
36,112
36,117
36,118
36,122
36,137
36,147
36,159
36,164
36,171
36,188
36,191
36,216
36,239
36,244
36,241
37,38
37,39
37,51
37,54
37,64
37,78
37,91
37,103
37,102
37,105
37,108
37,131
37,135
37,146
37,159
37,178
37,185
37,207
37,211
37,218
37,221
37,232
37,246
38,39
38,49
38,69
38,73
38,75
38,90
38,98
38,99
38,113
38,124
38,129
38,132
38,143
38,152
38,160
38,165
38,172
38,193
38,206
39,68
39,80
39,142
39,151
39,165
39,177
39,198
39,230
40,41
40,42
40,43
40,44
40,63
40,82
40,108
40,121
40,166
40,179
40,195
40,205
40,212
40,222
40,230
40,239
40,249
41,42
41,43
41,44
41,68
41,65
41,79
41,84
41,88
41,117
41,122
41,126
41,134
41,138
41,144
41,148
41,157
41,164
41,170
41,186
41,246
42,43
42,44
42,55
42,73
42,107
42,110
42,118
42,126
42,142
42,147
42,150
42,157
42,164
42,167
42,184
42,180
42,192
42,199
42,210
42,228
42,232
43,44
43,48
43,51
43,50
43,59
43,73
43,78
43,88
43,93
43,132
43,153
43,185
43,190
43,202
43,203
43,217
43,227
43,242
43,243
44,49
44,63
44,92
44,99
44,98
44,100
44,103
44,110
44,136
44,170
44,179
44,209
44,219
44,224
44,238
45,46
45,47
45,48
45,49
45,63
45,69
45,84
45,99
45,143
45,158
45,173
45,187
45,206
45,217
45,218
45,234
45,239
45,235
46,47
46,48
46,49
46,53
46,65
46,72
46,70
46,89
46,102
46,105
46,127
46,146
46,153
46,155
46,161
46,168
46,196
46,224
46,230
46,243
47,48
47,49
47,59
47,78
47,110
47,117
47,125
47,132
47,137
47,143
47,168
47,173
47,181
47,192
47,198
47,213
47,249
48,49
48,61
48,83
48,91
48,99
48,101
48,107
48,119
48,124
48,136
48,154
48,182
48,193
48,201
48,206
48,224
48,247
49,53
49,58
49,78
49,87
49,91
49,112
49,131
49,149
49,161
49,179
49,185
49,200
49,213
49,228
49,229
49,242
50,51
50,52
50,53
50,54
50,60
50,77
50,94
50,105
50,111
50,123
50,127
50,157
50,163
50,165
50,173
50,213
50,237
51,52
51,53
51,54
51,74
51,73
51,86
51,93
51,104
51,103
51,118
51,134
51,139
51,137
51,141
51,154
51,157
51,170
51,176
51,199
51,197
51,203
51,246
52,53
52,54
52,88
52,108
52,115
52,123
52,129
52,134
52,151
52,175
52,183
52,222
52,228
52,227
52,233
53,54
53,56
53,77
53,80
53,97
53,147
53,186
53,187
53,192
53,208
53,218
53,216
53,223
53,231
53,246
54,58
54,63
54,66
54,69
54,84
54,96
54,110
54,143
54,147
54,164
54,165
54,183
54,192
54,202
54,207
54,213
54,236
54,240
54,243
55,56
55,57
55,58
55,59
55,81
55,103
55,120
55,137
55,140
55,153
55,157
55,166
55,177
55,183
55,186
55,187
55,191
55,219
55,232
56,57
56,58
56,59
56,70
56,76
56,86
56,85
56,99
56,122
56,126
56,166
56,181
56,211
56,222
56,238
56,243
56,247
57,58
57,59
57,65
57,66
57,70
57,83
57,94
57,104
57,106
57,107
57,126
57,133
57,147
57,172
57,178
57,198
57,195
57,207
57,210
57,232
57,237
58,59
58,63
58,75
58,95
58,111
58,139
58,141
58,163
58,161
58,200
58,208
58,216
58,227
58,228
58,249
59,61
59,91
59,112
59,118
59,115
59,131
59,149
59,157
59,170
59,193
59,200
59,223
59,242
60,61
60,62
60,63
60,64
60,75
60,88
60,108
60,138
60,150
60,167
60,185
60,201
60,212
60,229
60,233
60,238
60,240
61,62
61,63
61,64
61,83
61,88
61,98
61,104
61,112
61,119
61,124
61,129
61,131
61,143
61,159
61,190
61,196
61,205
61,237
61,243
62,63
62,64
62,69
62,81
62,103
62,114
62,126
62,136
62,146
62,173
62,181
62,197
62,222
62,232
62,248
63,64
63,74
63,71
63,75
63,90
63,109
63,143
63,145
63,156
63,164
63,166
63,185
63,204
63,207
63,215
63,223
64,66
64,94
64,96
64,119
64,124
64,132
64,152
64,163
64,174
64,175
64,178
64,181
64,192
64,211
64,217
64,226
64,249
65,66
65,67
65,68
65,69
65,71
65,82
65,96
65,113
65,119
65,122
65,131
65,130
65,149
65,186
65,194
65,212
65,221
65,223
65,238
65,240
66,67
66,68
66,69
66,109
66,127
66,144
66,160
66,165
66,179
66,180
66,201
66,229
66,230
66,243
67,68
67,69
67,76
67,78
67,81
67,87
67,93
67,105
67,112
67,175
67,198
67,209
67,249
68,69
68,90
68,97
68,102
68,104
68,123
68,144
68,172
68,183
68,188
68,199
68,203
68,217
68,216
68,232
68,246
69,86
69,117
69,126
69,135
69,145
69,152
69,151
69,156
69,155
69,163
69,167
69,171
69,191
69,208
69,211
69,229
69,239
70,71
70,72
70,73
70,74
70,75
70,116
70,120
70,129
70,135
70,140
70,167
70,172
70,204
70,226
70,229
71,72
71,73
71,74
71,78
71,82
71,88
71,101
71,104
71,134
71,155
71,160
71,165
71,170
71,178
71,188
71,191
71,195
71,198
71,202
71,216
71,237
71,244
72,73
72,74
72,94
72,90
72,99
72,108
72,113
72,110
72,119
72,143
72,159
72,164
72,183
72,180
72,223
72,221
72,239
73,74
73,80
73,106
73,120
73,127
73,134
73,139
73,146
73,175
73,213
73,244
73,249
74,87
74,98
74,146
74,150
74,151
74,191
74,207
74,209
74,213
74,217
74,233
74,231
75,76
75,77
75,78
75,79
75,82
75,87
75,99
75,158
75,156
75,161
75,178
75,185
75,203
75,213
75,231
76,77
76,78
76,79
76,98
76,100
76,118
76,121
76,126
76,148
76,152
76,154
76,160
76,168
76,173
76,176
76,191
76,214
76,215
76,223
76,243
77,78
77,79
77,86
77,91
77,100
77,119
77,127
77,134
77,137
77,143
77,169
77,187
77,202
77,208
77,238
77,248
78,79
78,93
78,106
78,114
78,148
78,184
78,206
78,216
78,224
78,227
78,232
79,83
79,107
79,110
79,123
79,132
79,136
79,141
79,172
79,180
79,192
79,197
79,227
79,235
79,240
79,247
80,81
80,82
80,83
80,84
80,115
80,131
80,141
80,140
80,164
80,184
80,194
80,200
80,205
80,227
80,245
81,82
81,83
81,84
81,93
81,90
81,100
81,102
81,124
81,128
81,154
81,161
81,169
81,167
81,172
81,180
81,185
81,194
81,196
81,228
81,231
81,236
82,83
82,84
82,87
82,105
82,114
82,117
82,126
82,131
82,136
82,174
82,178
82,187
82,207
82,214
82,215
82,231
83,84
83,89
83,95
83,107
83,136
83,156
83,213
83,215
83,235
83,242
83,243
83,249
84,99
84,123
84,145
84,147
84,154
84,156
84,176
84,197
84,204
84,223
84,220
85,86
85,87
85,88
85,89
85,103
85,111
85,139
85,146
85,164
85,168
85,184
85,188
85,209
85,216
85,235
85,245
86,87
86,88
86,89
86,91
86,102
86,115
86,125
86,190
86,195
86,196
86,214
86,219
86,228
86,239
87,88
87,89
87,95
87,124
87,144
87,158
87,178
87,209
87,226
88,89
88,107
88,120
88,130
88,139
88,157
88,160
88,168
88,174
88,177
88,233
88,232
88,243
88,248
89,90
89,107
89,112
89,118
89,128
89,132
89,140
89,147
89,152
89,151
89,172
89,180
89,187
89,190
89,202
89,200
89,213
89,223
89,220
89,244
90,91
90,92
90,93
90,94
90,99
90,114
90,140
90,151
90,182
90,186
90,193
90,198
90,206
90,210
90,213
90,216
91,92
91,93
91,94
91,103
91,115
91,118
91,125
91,136
91,145
91,164
91,165
91,193
91,236
91,247
92,93
92,94
92,106
92,107
92,113
92,130
92,136
92,154
92,158
92,175
92,218
92,220
92,223
92,229
92,227
92,230
92,236
93,94
93,128
93,149
93,159
93,160
93,167
93,177
93,184
93,187
93,199
93,202
93,240
93,242
94,98
94,102
94,123
94,122
94,132
94,143
94,171
94,173
94,201
94,246
95,96
95,97
95,98
95,99
95,115
95,129
95,142
95,157
95,160
95,175
95,223
95,233
95,231
95,239
96,97
96,98
96,99
96,104
96,109
96,120
96,122
96,131
96,148
96,154
96,160
96,167
96,173
96,198
96,201
96,206
96,212
96,213
96,219
96,240
97,98
97,99
97,108
97,110
97,113
97,132
97,139
97,140
97,152
97,155
97,182
97,192
97,191
97,200
97,224
97,228
97,247
98,99
98,115
98,129
98,136
98,172
98,183
98,189
98,195
98,219
98,238
98,242
98,249
99,103
99,145
99,165
99,186
99,209
99,228
100,101
100,102
100,103
100,104
100,106
100,107
100,149
100,154
100,167
100,166
100,196
100,217
100,229
101,102
101,103
101,104
101,122
101,135
101,148
101,157
101,160
101,177
101,186
101,192
101,202
101,205
101,212
101,224
101,242
101,245
102,103
102,104
102,116
102,130
102,142
102,155
102,175
102,184
102,185
102,199
102,200
102,224
102,228
102,230
102,247
103,104
103,116
103,123
103,140
103,153
103,163
103,172
103,236
103,241
104,112
104,113
104,125
104,129
104,131
104,138
104,171
104,182
104,231
104,238
105,106
105,107
105,108
105,109
105,121
105,131
105,143
105,144
105,148
105,155
105,158
105,163
105,176
105,183
105,188
105,212
105,230
105,233
105,235
106,107
106,108
106,109
106,112
106,118
106,115
106,132
106,151
106,188
106,191
106,206
106,249
107,108
107,109
107,139
107,146
107,152
107,167
107,172
107,173
107,193
107,195
107,196
107,240
107,246
108,109
108,110
108,123
108,176
108,204
108,200
108,214
108,224
108,225
108,227
108,241
109,129
109,125
109,136
109,162
109,165
109,180
109,205
109,215
109,217
109,221
109,239
110,111
110,112
110,113
110,114
110,138
110,153
110,172
110,176
110,185
110,193
110,210
110,222
111,112
111,113
111,114
111,129
111,131
111,143
111,166
111,184
111,196
111,202
111,208
111,207
111,217
111,223
111,231
111,244
111,247
112,113
112,114
112,121
112,133
112,144
112,148
112,154
112,157
112,211
112,217
112,225
112,228
112,231
112,239
113,114
113,115
113,121
113,149
113,163
113,173
113,179
113,183
113,191
113,198
113,202
113,235
113,240
113,245
114,119
114,127
114,138
114,159
114,164
114,169
114,188
115,116
115,117
115,118
115,119
115,143
115,147
115,159
115,191
115,197
115,237
116,117
116,118
116,119
116,120
116,125
116,133
116,146
116,181
116,186
116,190
116,195
116,204
116,213
116,224
116,221
116,231
116,233
117,118
117,119
117,139
117,165
117,204
117,209
117,211
117,217
117,228
117,238
117,246
118,119
118,126
118,134
118,138
118,143
118,152
118,161
118,166
118,216
118,241
119,121
119,152
119,158
119,161
119,172
119,170
119,179
119,176
119,183
119,188
119,207
119,228
119,249
120,121
120,122
120,123
120,124
120,157
120,160
120,176
120,185
120,190
120,219
120,222
120,230
121,122
121,123
121,124
121,130
121,153
121,162
121,168
121,173
121,181
121,202
121,225
121,239
122,123
122,124
122,147
122,173
122,188
122,191
122,203
122,208
122,241
122,249
123,124
123,127
123,126
123,135
123,143
123,152
123,168
123,176
123,180
123,195
123,212
123,218
123,221
123,227
123,235
123,240
124,132
124,139
124,143
124,148
124,159
124,198
124,207
124,210
124,232
124,249
125,126
125,127
125,128
125,129
125,143
125,145
125,161
125,192
125,210
126,127
126,128
126,129
126,131
126,137
126,152
126,165
126,171
126,183
126,186
126,194
126,208
126,229
126,238
126,245
127,128
127,129
127,184
127,198
127,197
127,204
127,209
127,226
127,231
127,237
127,248
128,129
128,131
128,142
128,145
128,155
128,165
128,170
128,218
128,234
128,243
128,242
129,138
129,153
129,159
129,164
129,178
129,176
129,189
129,201
129,216
129,224
129,223
130,131
130,132
130,133
130,134
130,135
130,164
130,165
130,220
130,239
130,246
131,132
131,133
131,134
131,149
131,150
131,158
131,161
131,170
131,178
131,184
131,188
131,201
131,207
131,211
131,218
131,238
131,248
132,133
132,134
132,140
132,166
132,200
132,214
132,217
132,228
132,234
133,134
133,139
133,146
133,152
133,190
133,197
133,198
133,208
133,231
133,244
134,159
134,173
134,179
134,184
134,186
134,191
134,223
134,225
134,241
135,136
135,137
135,138
135,139
135,148
135,152
135,163
135,183
135,186
135,193
135,200
135,205
135,212
135,210
135,228
135,234
135,239
135,244
136,137
136,138
136,139
136,159
136,166
136,179
136,183
136,197
136,219
136,243
136,249
137,138
137,139
137,141
137,140
137,149
137,163
137,169
137,202
137,219
137,223
137,232
137,246
138,139
138,159
138,174
138,195
138,208
139,151
139,172
139,179
139,187
139,192
139,221
139,227
139,238
140,141
140,142
140,143
140,144
140,147
140,155
140,156
140,211
140,215
140,222
140,236
141,142
141,143
141,144
141,151
141,161
141,170
141,176
141,185
141,195
141,207
141,227
142,143
142,144
142,171
142,182
142,190
142,198
142,215
142,230
142,249
143,144
143,145
143,177
143,184
143,212
143,231
143,243
143,240
144,150
144,160
144,167
144,165
144,187
144,191
144,203
144,200
144,209
144,220
144,227
144,237
144,246
145,146
145,147
145,148
145,149
145,158
145,181
145,199
145,196
145,205
145,211
145,228
145,234
145,231
146,147
146,148
146,149
146,154
146,156
146,165
146,168
146,170
146,185
146,215
146,225
146,241
147,148
147,149
147,171
147,184
147,189
147,203
147,207
147,214
148,149
148,164
148,190
148,194
148,203
148,221
148,235
148,247
148,248
149,154
149,162
149,177
149,175
149,217
149,235
149,244
150,151
150,152
150,153
150,154
150,156
150,170
150,181
150,197
150,201
150,211
150,224
150,230
150,231
150,239
150,246
151,152
151,153
151,154
151,165
151,189
151,206
151,220
152,153
152,154
152,160
152,163
152,171
152,179
152,180
152,189
152,195
152,213
152,219
153,154
153,192
153,194
153,201
153,219
153,226
153,229
153,243
153,248
154,158
154,168
154,177
154,209
154,236
154,242
155,156
155,157
155,158
155,159
155,190
155,197
155,234
155,233
155,243
156,157
156,158
156,159
156,160
156,181
156,188
156,193
156,195
156,210
156,214
156,218
156,223
156,221
156,236
156,240
157,158
157,159
157,165
157,218
157,228
157,229
158,159
158,173
158,174
158,176
158,201
158,206
158,246
158,247
159,162
159,166
159,180
159,189
159,200
159,206
159,237
160,161
160,162
160,163
160,164
160,170
160,177
160,188
160,191
160,210
160,238
160,241
161,162
161,163
161,164
161,169
161,184
161,197
161,215
161,232
161,238
161,243
161,245
162,163
162,164
162,177
162,192
162,202
162,209
162,218
162,223
162,248
163,164
163,166
163,170
163,195
163,201
163,209
163,228
164,180
164,187
164,213
164,221
164,228
164,231
165,166
165,167
165,168
165,169
165,170
165,186
165,229
165,242
165,246
166,167
166,168
166,169
166,181
166,190
166,198
166,204
166,209
167,168
167,169
167,183
167,189
167,213
167,233
167,237
168,169
168,175
168,199
168,214
168,216
168,223
168,224
168,229
168,244
169,171
169,175
169,191
169,204
169,205
169,217
169,233
169,237
170,171
170,172
170,173
170,174
170,183
170,185
170,219
170,230
171,172
171,173
171,174
171,181
171,194
171,210
171,213
171,217
171,226
172,173
172,174
172,176
172,190
172,203
172,223
172,226
172,244
172,247
173,174
173,202
173,206
173,223
173,234
173,240
173,248
174,179
174,188
174,196
174,195
174,207
174,238
174,239
175,176
175,177
175,178
175,179
175,191
175,209
175,211
175,219
175,226
175,248
175,246
176,177
176,178
176,179
176,187
176,205
176,216
176,221
176,233
176,235
177,178
177,179
177,189
177,190
177,199
177,204
177,202
177,240
177,241
178,179
178,183
178,195
178,224
178,226
179,183
179,210
179,231
179,238
180,181
180,182
180,183
180,184
180,188
180,185
180,236
180,248
181,182
181,183
181,184
181,199
181,195
181,204
181,218
181,225
182,183
182,184
182,190
182,208
182,205
182,213
182,220
182,224
182,227
182,231
182,235
182,241
183,184
183,202
183,247
184,191
184,213
184,216
184,230
184,241
185,186
185,187
185,188
185,189
185,199
185,203
185,201
185,208
185,211
185,240
185,245
186,187
186,188
186,189
186,219
186,223
186,226
186,235
186,241
187,188
187,189
187,190
187,216
187,224
187,225
187,234
187,245
188,189
188,196
189,191
189,206
189,210
189,231
189,235
190,191
190,192
190,193
190,194
190,209
190,214
190,224
190,227
190,249
190,246
191,192
191,193
191,194
191,202
191,225
191,240
192,193
192,194
192,207
192,212
192,219
192,235
192,237
193,194
193,199
193,234
193,232
193,243
194,199
194,203
194,217
194,221
195,196
195,197
195,198
195,199
195,211
195,226
195,241
195,248
196,197
196,198
196,199
196,212
196,224
196,222
196,232
196,249
197,198
197,199
197,200
197,209
197,238
197,239
197,244
198,199
198,203
198,217
198,228
199,216
199,233
200,201
200,202
200,203
200,204
200,207
200,213
200,217
200,236
200,243
200,241
201,202
201,203
201,204
201,207
201,238
201,245
202,203
202,204
202,221
202,234
203,204
203,215
203,225
204,212
204,220
204,228
204,230
204,247
205,206
205,207
205,208
205,209
205,216
205,234
205,247
206,207
206,208
206,209
206,212
206,225
206,231
207,208
207,209
207,223
208,209
208,237
208,235
208,246
209,212
209,215
209,224
209,229
209,242
209,243
210,211
210,212
210,213
210,214
210,217
210,223
210,233
210,244
211,212
211,213
211,214
211,244
212,213
212,214
212,227
212,235
213,214
213,226
213,238
213,245
214,216
214,233
214,248
215,216
215,217
215,218
215,219
215,236
216,217
216,218
216,219
216,221
216,226
216,230
216,238
216,242
216,245
217,218
217,219
217,231
218,219
218,220
218,227
218,241
220,221
220,222
220,223
220,224
221,222
221,223
221,224
221,246
222,223
222,224
222,232
222,231
222,236
222,241
222,245
223,224
223,226
223,236
223,243
224,226
225,226
225,227
225,228
225,229
226,227
226,228
226,229
226,242
226,247
227,228
227,229
228,229
228,234
228,231
228,244
228,248
229,239
229,236
230,231
230,232
230,233
230,234
230,249
231,232
231,233
231,234
232,233
232,234
232,237
232,235
232,241
232,245
233,234
234,242
235,236
235,237
235,238
235,239
235,243
236,237
236,238
236,239
236,246
236,249
237,238
237,239
238,239
238,241
240,241
240,242
240,243
240,244
240,249
241,242
241,243
241,244
242,243
242,244
243,244
244,247
245,246
245,247
245,248
245,249
246,247
246,248
246,249
247,248
247,249
248,249
