# grafo generado automáticamente para TP3
0,1
0,2
0,3
0,4
0,5
0,7
0,9
0,19
0,41
0,37
0,57
0,62
0,65
0,71
0,76
0,85
0,90
0,95
0,103
0,106
0,112
0,115
0,124
0,128
0,136
0,163
0,168
0,194
0,200
0,199
0,208
0,225
0,230
0,231
0,236
1,2
1,3
1,4
1,5
1,8
1,17
1,13
1,16
1,14
1,18
1,22
1,29
1,33
1,34
1,31
1,47
1,56
1,77
1,82
1,83
1,79
1,85
1,97
1,105
1,108
1,112
1,121
1,125
1,128
1,132
1,135
1,143
1,138
1,150
1,154
1,156
1,158
1,179
1,190
1,186
1,191
1,211
1,215
1,218
1,226
2,3
2,4
2,5
2,18
2,24
2,25
2,33
2,45
2,67
2,86
2,92
2,91
2,97
2,96
2,109
2,116
2,120
2,127
2,139
2,142
2,152
2,159
2,166
2,167
2,171
2,178
2,187
2,197
2,198
2,201
2,205
2,227
2,226
2,228
3,4
3,5
3,11
3,16
3,18
3,25
3,33
3,41
3,58
3,57
3,60
3,64
3,70
3,105
3,104
3,102
3,112
3,115
3,118
3,123
3,131
3,136
3,133
3,141
3,147
3,145
3,155
3,157
3,161
3,164
3,178
3,180
3,183
3,194
3,208
3,204
3,217
3,220
3,230
3,235
3,239
4,5
4,8
4,31
4,41
4,45
4,53
4,56
4,67
4,69
4,73
4,76
4,75
4,83
4,79
4,85
4,98
4,110
4,119
4,126
4,143
4,146
4,144
4,165
4,171
4,177
4,180
4,185
4,181
4,189
4,203
4,214
4,216
4,223
4,232
4,236
5,21
5,25
5,40
5,45
5,46
5,53
5,48
5,51
5,52
5,67
5,76
5,82
5,86
5,95
5,93
5,96
5,101
5,114
5,132
5,146
5,154
5,153
5,156
5,169
5,171
5,177
5,182
5,195
5,192
5,196
5,198
5,208
5,213
5,210
5,212
5,219
5,226
5,233
5,235
6,7
6,8
6,9
6,10
6,11
6,13
6,23
6,22
6,25
6,30
6,41
6,50
6,54
6,63
6,60
6,67
6,74
6,72
6,78
6,85
6,91
6,96
6,106
6,104
6,111
6,117
6,116
6,124
6,136
6,143
6,154
6,153
6,157
6,161
6,164
6,172
6,179
6,174
6,178
6,184
6,182
6,201
6,202
6,204
6,221
6,218
6,231
7,8
7,9
7,10
7,11
7,17
7,23
7,35
7,30
7,44
7,57
7,64
7,70
7,68
7,77
7,88
7,90
7,94
7,98
7,100
7,109
7,121
7,127
7,131
7,130
7,154
7,164
7,172
7,189
7,201
7,205
7,211
7,213
7,220
7,223
7,224
7,232
7,237
8,9
8,10
8,11
8,13
8,41
8,52
8,50
8,49
8,56
8,60
8,74
8,79
8,109
8,119
8,115
8,125
8,133
8,140
8,156
8,158
8,178
8,182
8,187
8,188
8,194
8,210
8,218
8,222
8,235
9,10
9,11
9,19
9,24
9,41
9,43
9,52
9,67
9,69
9,68
9,79
9,86
9,95
9,101
9,98
9,106
9,108
9,109
9,127
9,141
9,147
9,144
9,148
9,154
9,160
9,171
9,174
9,184
9,190
9,194
9,195
9,196
9,210
9,219
9,227
9,226
10,11
10,14
10,29
10,31
10,36
10,37
10,42
10,57
10,62
10,74
10,72
10,80
10,95
10,96
10,113
10,117
10,115
10,123
10,131
10,132
10,133
10,141
10,149
10,151
10,158
10,165
10,164
10,171
10,175
10,182
10,207
10,210
10,225
10,231
10,232
11,23
11,29
11,25
11,35
11,32
11,45
11,42
11,43
11,51
11,58
11,64
11,81
11,84
11,85
11,88
11,90
11,102
11,106
11,104
11,134
11,135
11,139
11,149
11,152
11,163
11,170
11,182
11,187
11,194
11,200
11,205
11,207
11,214
11,218
11,231
11,236
11,239
11,235
12,13
12,14
12,15
12,16
12,17
12,24
12,35
12,36
12,46
12,42
12,44
12,50
12,51
12,58
12,69
12,68
12,70
12,85
12,98
12,111
12,116
12,135
12,142
12,154
12,160
12,171
12,177
12,188
12,193
12,200
12,214
12,217
12,222
12,231
12,236
13,14
13,15
13,16
13,17
13,29
13,41
13,45
13,55
13,57
13,60
13,61
13,69
13,72
13,80
13,84
13,91
13,106
13,108
13,116
13,117
13,124
13,122
13,132
13,141
13,142
13,147
13,150
13,161
13,167
13,182
13,189
13,203
13,209
13,210
13,214
13,218
13,224
13,237
14,15
14,16
14,17
14,29
14,30
14,31
14,35
14,41
14,48
14,62
14,61
14,72
14,73
14,76
14,89
14,86
14,91
14,94
14,90
14,97
14,98
14,102
14,104
14,126
14,130
14,146
14,161
14,163
14,170
14,169
14,179
14,178
14,180
14,182
14,187
14,197
14,193
14,203
14,205
14,204
14,219
14,216
14,231
14,228
14,238
15,16
15,17
15,21
15,26
15,41
15,45
15,51
15,49
15,69
15,79
15,82
15,89
15,96
15,105
15,111
15,113
15,121
15,134
15,138
15,145
15,154
15,159
15,185
15,187
15,190
15,197
15,196
15,199
15,202
15,207
15,212
15,215
15,217
15,223
15,230
15,238
16,17
16,18
16,23
16,27
16,31
16,40
16,56
16,57
16,65
16,66
16,74
16,78
16,86
16,94
16,112
16,113
16,117
16,122
16,128
16,131
16,132
16,135
16,139
16,155
16,163
16,166
16,179
16,175
16,188
16,214
16,234
17,23
17,29
17,35
17,36
17,57
17,65
17,80
17,92
17,97
17,96
17,118
17,120
17,124
17,127
17,134
17,145
17,146
17,152
17,155
17,160
17,162
17,163
17,171
17,168
17,169
17,178
17,180
17,193
17,201
17,205
17,216
17,222
17,226
17,224
17,229
17,232
18,19
18,20
18,21
18,22
18,23
18,24
18,32
18,35
18,31
18,39
18,41
18,50
18,48
18,64
18,62
18,68
18,78
18,83
18,84
18,92
18,91
18,112
18,108
18,109
18,114
18,119
18,122
18,124
18,143
18,138
18,160
18,164
18,172
18,188
18,194
18,196
18,201
18,207
18,204
18,219
18,218
18,227
18,229
18,239
19,20
19,21
19,22
19,23
19,27
19,24
19,32
19,46
19,45
19,52
19,75
19,97
19,100
19,107
19,116
19,130
19,143
19,145
19,148
19,150
19,151
19,153
19,161
19,165
19,162
19,167
19,170
19,174
19,178
19,184
19,182
19,190
19,195
19,206
19,215
19,210
19,219
19,217
19,226
19,227
19,223
19,232
19,235
20,21
20,22
20,23
20,26
20,27
20,46
20,44
20,57
20,63
20,69
20,70
20,73
20,77
20,78
20,86
20,95
20,102
20,104
20,106
20,112
20,121
20,133
20,137
20,138
20,155
20,159
20,160
20,172
20,178
20,179
20,193
20,205
20,210
20,233
21,22
21,23
21,29
21,36
21,43
21,55
21,60
21,69
21,76
21,81
21,86
21,112
21,123
21,125
21,121
21,128
21,134
21,132
21,135
21,147
21,156
21,166
21,169
21,183
21,188
21,187
21,191
21,200
21,220
21,233
21,229
21,234
21,238
22,23
22,31
22,33
22,36
22,40
22,47
22,50
22,48
22,57
22,66
22,73
22,78
22,82
22,86
22,88
22,95
22,96
22,100
22,114
22,128
22,138
22,145
22,160
22,166
22,169
22,176
22,180
22,200
22,223
22,239
23,36
23,53
23,58
23,55
23,56
23,61
23,66
23,74
23,87
23,92
23,91
23,100
23,107
23,103
23,109
23,117
23,119
23,129
23,127
23,143
23,146
23,155
23,154
23,170
23,176
23,184
23,185
23,186
23,194
23,200
23,207
23,205
23,211
23,213
24,25
24,26
24,27
24,28
24,29
24,36
24,57
24,64
24,60
24,72
24,75
24,93
24,90
24,107
24,105
24,109
24,114
24,130
24,131
24,133
24,163
24,173
24,179
24,187
24,197
24,192
24,199
24,208
24,210
24,218
24,227
25,26
25,27
25,28
25,29
25,35
25,45
25,46
25,52
25,63
25,72
25,84
25,88
25,95
25,100
25,114
25,139
25,143
25,167
25,166
25,173
25,168
25,181
25,187
25,192
25,199
25,216
25,217
25,224
25,230
26,27
26,28
26,29
26,32
26,37
26,44
26,42
26,51
26,53
26,54
26,61
26,68
26,70
26,75
26,81
26,91
26,97
26,102
26,111
26,115
26,122
26,130
26,135
26,140
26,138
26,151
26,156
26,160
26,161
26,169
26,181
26,184
26,189
26,190
26,210
26,213
26,211
26,216
26,223
26,228
26,233
26,235
26,236
27,28
27,29
27,37
27,51
27,59
27,64
27,69
27,66
27,77
27,76
27,83
27,88
27,97
27,107
27,102
27,109
27,108
27,114
27,115
27,131
27,136
27,148
27,146
27,150
27,157
27,159
27,167
27,179
27,175
27,197
27,206
27,208
27,207
27,217
27,227
27,229
27,230
27,238
28,29
28,32
28,30
28,37
28,55
28,71
28,79
28,83
28,86
28,90
28,98
28,101
28,115
28,122
28,124
28,121
28,130
28,133
28,141
28,152
28,151
28,172
28,179
28,176
28,180
28,193
28,195
28,199
28,204
28,215
28,229
29,30
29,41
29,40
29,44
29,51
29,53
29,58
29,56
29,60
29,71
29,81
29,80
29,86
29,87
29,92
29,108
29,109
29,122
29,125
29,142
29,147
29,146
29,149
29,154
29,151
29,158
29,163
29,164
29,170
29,174
29,189
29,191
29,199
29,200
29,203
29,205
29,219
29,223
29,222
29,239
30,31
30,32
30,33
30,34
30,35
30,37
30,47
30,55
30,59
30,62
30,69
30,76
30,79
30,88
30,87
30,99
30,107
30,104
30,120
30,129
30,150
30,153
30,161
30,165
30,177
30,186
30,196
30,199
30,201
30,225
30,228
30,239
31,32
31,33
31,34
31,35
31,41
31,65
31,70
31,83
31,87
31,88
31,91
31,98
31,96
31,100
31,104
31,105
31,113
31,119
31,123
31,125
31,141
31,148
31,151
31,152
31,159
31,179
31,175
31,190
31,202
31,199
31,208
31,205
31,207
31,211
31,238
32,33
32,34
32,35
32,46
32,53
32,48
32,51
32,69
32,72
32,85
32,84
32,93
32,108
32,118
32,121
32,134
32,136
32,142
32,138
32,148
32,154
32,164
32,169
32,177
32,179
32,184
32,183
32,189
32,192
32,209
32,213
32,220
32,216
32,230
32,235
33,34
33,35
33,43
33,58
33,55
33,59
33,62
33,61
33,60
33,67
33,75
33,72
33,79
33,80
33,95
33,101
33,114
33,130
33,129
33,137
33,148
33,155
33,167
33,170
33,169
33,168
33,177
33,183
33,194
33,209
33,218
33,220
33,225
33,234
34,35
34,39
34,46
34,45
34,52
34,71
34,83
34,93
34,90
34,92
34,106
34,103
34,108
34,109
34,116
34,118
34,121
34,126
34,131
34,133
34,149
34,160
34,158
34,167
34,166
34,164
34,170
34,183
34,197
34,193
34,200
34,211
34,212
34,218
34,224
34,229
34,232
34,234
35,37
35,44
35,53
35,48
35,60
35,68
35,76
35,79
35,113
35,117
35,120
35,127
35,132
35,133
35,143
35,139
35,145
35,148
35,159
35,184
35,180
35,186
35,187
35,195
35,203
35,204
35,212
35,217
35,226
35,222
35,223
35,232
35,238
36,37
36,38
36,39
36,40
36,41
36,46
36,55
36,71
36,67
36,84
36,101
36,113
36,121
36,131
36,137
36,149
36,145
36,151
36,153
36,154
36,161
36,156
36,165
36,162
36,174
36,183
36,190
36,193
36,205
36,213
36,212
36,221
36,233
36,231
36,232
36,228
36,237
37,38
37,39
37,40
37,41
37,43
37,52
37,50
37,49
37,78
37,80
37,112
37,118
37,117
37,125
37,129
37,155
37,154
37,173
37,190
37,188
37,193
37,196
37,203
37,206
37,223
37,222
37,229
37,236
38,39
38,40
38,41
38,57
38,59
38,54
38,61
38,62
38,73
38,83
38,78
38,87
38,92
38,100
38,103
38,113
38,110
38,116
38,115
38,128
38,129
38,135
38,145
38,159
38,176
38,174
38,178
38,183
38,187
38,188
38,199
38,210
38,220
38,217
38,225
38,234
39,40
39,41
39,46
39,49
39,48
39,56
39,57
39,62
39,76
39,78
39,86
39,94
39,102
39,103
39,105
39,109
39,124
39,143
39,142
39,147
39,160
39,162
39,169
39,170
39,185
39,192
39,219
39,231
39,235
40,41
40,65
40,62
40,70
40,86
40,84
40,91
40,98
40,101
40,105
40,109
40,129
40,132
40,143
40,139
40,140
40,160
40,164
40,171
40,182
40,183
40,180
40,190
40,192
40,199
40,198
40,206
40,207
40,211
40,222
40,226
41,45
41,46
41,48
41,71
41,72
41,77
41,73
41,92
41,95
41,93
41,100
41,97
41,104
41,114
41,118
41,124
41,131
41,135
41,132
41,146
41,149
41,161
41,165
41,163
41,173
41,168
41,174
41,193
41,200
41,204
41,215
41,221
41,225
41,235
41,239
42,43
42,44
42,45
42,46
42,47
42,58
42,65
42,63
42,69
42,66
42,67
42,74
42,88
42,89
42,94
42,103
42,115
42,125
42,130
42,127
42,132
42,142
42,147
42,148
42,153
42,159
42,164
42,165
42,163
42,170
42,177
42,186
42,206
42,209
42,220
42,227
42,228
42,230
42,229
42,237
43,44
43,45
43,46
43,47
43,58
43,54
43,88
43,92
43,101
43,104
43,112
43,110
43,113
43,124
43,129
43,135
43,142
43,138
43,159
43,173
43,172
43,178
43,183
43,194
43,192
43,196
43,200
43,209
43,221
43,224
43,238
44,45
44,46
44,47
44,50
44,59
44,60
44,69
44,86
44,91
44,98
44,104
44,116
44,133
44,132
44,142
44,149
44,151
44,179
44,183
44,185
44,182
44,184
44,186
44,196
44,200
44,205
44,211
44,221
44,222
44,233
45,46
45,47
45,53
45,56
45,65
45,60
45,68
45,73
45,79
45,89
45,93
45,102
45,108
45,115
45,127
45,140
45,149
45,144
45,151
45,156
45,166
45,179
45,175
45,182
45,194
45,208
45,213
45,218
45,239
46,47
46,49
46,53
46,76
46,75
46,79
46,81
46,82
46,94
46,96
46,114
46,122
46,121
46,126
46,132
46,146
46,152
46,156
46,166
46,172
46,186
46,189
46,199
46,205
46,211
46,213
46,210
46,221
46,226
46,227
46,239
46,234
47,48
47,58
47,64
47,70
47,76
47,79
47,81
47,88
47,98
47,100
47,102
47,107
47,110
47,119
47,124
47,126
47,138
47,155
47,157
47,159
47,165
47,173
47,174
47,189
47,197
47,203
47,200
47,202
47,210
47,219
47,225
47,231
47,234
48,49
48,50
48,51
48,52
48,53
48,54
48,62
48,70
48,73
48,72
48,81
48,104
48,113
48,108
48,116
48,128
48,132
48,148
48,150
48,166
48,184
48,190
48,191
48,203
48,208
48,211
48,210
48,220
48,217
48,230
49,50
49,51
49,52
49,53
49,65
49,62
49,68
49,79
49,84
49,87
49,103
49,111
49,118
49,123
49,124
49,127
49,145
49,157
49,156
49,161
49,185
49,189
49,195
49,192
49,203
49,202
49,209
49,215
49,219
49,234
50,51
50,52
50,53
50,59
50,66
50,93
50,96
50,99
50,105
50,104
50,121
50,120
50,123
50,128
50,134
50,132
50,148
50,152
50,153
50,162
50,166
50,171
50,173
50,170
50,175
50,183
50,197
50,198
50,208
50,205
50,211
50,226
50,234
51,52
51,53
51,56
51,59
51,61
51,71
51,85
51,93
51,101
51,99
51,102
51,113
51,117
51,119
51,133
51,167
51,162
51,179
51,175
51,176
51,181
51,185
51,207
51,221
51,223
51,238
51,237
52,53
52,58
52,63
52,66
52,70
52,79
52,82
52,86
52,92
52,94
52,99
52,113
52,108
52,119
52,117
52,121
52,126
52,127
52,137
52,140
52,143
52,149
52,151
52,160
52,156
52,167
52,176
52,177
52,183
52,186
52,193
52,200
52,207
52,210
52,227
53,73
53,77
53,75
53,81
53,80
53,88
53,95
53,99
53,105
53,128
53,135
53,142
53,140
53,145
53,148
53,155
53,151
53,160
53,173
53,168
53,189
53,193
53,196
53,203
53,218
53,226
53,225
53,224
53,231
53,229
53,230
53,233
53,236
53,237
54,55
54,56
54,57
54,58
54,59
54,60
54,65
54,66
54,76
54,77
54,88
54,86
54,98
54,104
54,109
54,116
54,114
54,122
54,129
54,144
54,145
54,149
54,154
54,150
54,159
54,167
54,170
54,172
54,175
54,180
54,191
54,190
54,197
54,195
54,214
54,213
54,221
54,218
54,226
54,233
54,237
54,239
55,56
55,57
55,58
55,59
55,71
55,73
55,72
55,82
55,97
55,103
55,112
55,125
55,129
55,133
55,179
55,175
55,182
55,199
55,204
55,208
55,213
55,216
55,224
55,232
55,228
55,236
55,238
56,57
56,58
56,59
56,64
56,71
56,76
56,88
56,97
56,113
56,111
56,118
56,125
56,132
56,133
56,141
56,148
56,147
56,144
56,152
56,161
56,165
56,162
56,191
56,194
56,198
56,202
56,208
56,215
56,220
56,229
56,237
57,58
57,59
57,68
57,90
57,93
57,97
57,98
57,103
57,106
57,111
57,116
57,135
57,138
57,141
57,142
57,154
57,152
57,158
57,173
57,181
57,188
57,206
57,212
57,224
58,59
58,65
58,81
58,83
58,85
58,90
58,104
58,111
58,115
58,120
58,121
58,130
58,142
58,160
58,163
58,169
58,178
58,175
58,182
58,180
58,187
58,195
58,196
58,200
58,220
58,230
59,62
59,66
59,68
59,76
59,81
59,83
59,84
59,87
59,94
59,95
59,100
59,115
59,125
59,131
59,127
59,133
59,142
59,160
59,157
59,165
59,171
59,181
59,189
59,202
59,201
59,205
59,212
59,221
59,222
59,223
59,234
60,61
60,62
60,63
60,64
60,65
60,67
60,76
60,77
60,80
60,82
60,88
60,94
60,95
60,99
60,111
60,123
60,121
60,131
60,127
60,136
60,143
60,139
60,145
60,146
60,153
60,157
60,171
60,170
60,177
60,184
60,183
60,199
60,204
60,208
60,207
60,220
60,219
60,233
60,232
60,238
61,62
61,63
61,64
61,65
61,67
61,73
61,75
61,76
61,95
61,91
61,103
61,107
61,113
61,117
61,123
61,128
61,133
61,132
61,136
61,153
61,159
61,156
61,165
61,162
61,174
61,188
61,194
61,203
61,204
61,206
61,227
62,63
62,64
62,65
62,71
62,81
62,83
62,78
62,87
62,100
62,103
62,113
62,117
62,116
62,130
62,135
62,153
62,152
62,160
62,161
62,163
62,178
62,180
62,187
62,186
62,194
62,201
62,210
62,224
62,229
62,237
63,64
63,65
63,70
63,73
63,78
63,94
63,97
63,100
63,96
63,103
63,112
63,119
63,120
63,125
63,129
63,144
63,148
63,167
63,177
63,181
63,183
63,215
63,223
63,237
63,235
64,65
64,66
64,88
64,91
64,100
64,108
64,119
64,137
64,141
64,149
64,147
64,154
64,151
64,169
64,171
64,186
64,193
64,197
64,202
64,208
64,210
64,217
64,219
64,238
65,87
65,110
65,117
65,120
65,129
65,138
65,140
65,156
65,162
65,168
65,176
65,182
65,188
65,201
65,199
65,212
65,211
65,221
65,223
65,222
65,229
65,230
65,238
66,67
66,68
66,69
66,70
66,71
66,80
66,79
66,88
66,95
66,93
66,99
66,111
66,118
66,115
66,114
66,124
66,135
66,142
66,148
66,151
66,156
66,175
66,182
66,188
66,189
66,191
66,198
66,205
66,213
66,219
66,237
66,234
67,68
67,69
67,70
67,71
67,82
67,111
67,117
67,130
67,137
67,134
67,138
67,143
67,140
67,146
67,152
67,172
67,178
67,174
67,177
67,176
67,184
67,182
67,202
67,209
67,206
67,213
67,216
67,230
68,69
68,70
68,71
68,74
68,77
68,82
68,87
68,105
68,104
68,108
68,124
68,131
68,154
68,156
68,162
68,167
68,171
68,173
68,169
68,170
68,176
68,197
68,193
68,196
68,201
68,204
68,219
68,221
68,224
68,228
68,235
68,236
69,70
69,71
69,73
69,81
69,85
69,86
69,87
69,97
69,104
69,103
69,112
69,113
69,124
69,145
69,164
69,181
69,192
69,197
69,195
69,205
69,219
69,227
69,230
69,232
70,71
70,72
70,74
70,84
70,93
70,95
70,98
70,108
70,119
70,125
70,128
70,132
70,134
70,143
70,151
70,153
70,156
70,160
70,188
70,199
70,204
70,213
70,215
70,225
70,222
70,239
71,74
71,80
71,92
71,95
71,100
71,101
71,102
71,114
71,121
71,130
71,131
71,133
71,140
71,147
71,150
71,159
71,164
71,165
71,185
71,182
71,187
71,203
71,214
71,229
71,230
71,236
72,73
72,74
72,75
72,76
72,77
72,83
72,94
72,95
72,96
72,97
72,110
72,115
72,122
72,127
72,138
72,139
72,147
72,149
72,156
72,162
72,164
72,176
72,177
72,181
72,191
72,197
72,195
72,200
72,206
72,205
72,223
72,233
72,235
73,74
73,75
73,76
73,77
73,79
73,78
73,85
73,86
73,110
73,114
73,117
73,129
73,136
73,142
73,144
73,152
73,151
73,167
73,175
73,189
73,195
73,202
73,198
73,210
73,221
73,229
73,231
73,235
74,75
74,76
74,77
74,81
74,89
74,86
74,93
74,104
74,110
74,124
74,122
74,131
74,137
74,135
74,136
74,145
74,158
74,161
74,172
74,190
74,199
74,215
74,218
74,219
74,224
74,238
75,76
75,77
75,87
75,94
75,90
75,101
75,104
75,103
75,105
75,127
75,133
75,140
75,147
75,152
75,158
75,172
75,169
75,178
75,181
75,185
75,191
75,193
75,211
75,223
75,225
75,227
75,231
75,238
75,235
76,77
76,83
76,86
76,92
76,97
76,109
76,118
76,124
76,120
76,138
76,139
76,158
76,173
76,174
76,180
76,182
76,186
76,195
76,203
76,208
76,209
76,214
76,215
76,217
76,228
76,231
77,83
77,97
77,105
77,103
77,112
77,111
77,114
77,118
77,125
77,130
77,127
77,136
77,154
77,150
77,159
77,165
77,167
77,169
77,168
77,177
77,180
77,192
77,203
77,204
77,207
77,213
77,220
77,219
77,223
77,239
78,79
78,80
78,81
78,82
78,83
78,85
78,88
78,92
78,91
78,94
78,106
78,117
78,135
78,151
78,156
78,166
78,164
78,172
78,178
78,188
78,203
78,207
78,210
78,214
78,216
78,223
79,80
79,81
79,82
79,83
79,89
79,100
79,109
79,124
79,121
79,137
79,132
79,134
79,142
79,147
79,149
79,151
79,160
79,157
79,166
79,177
79,183
79,192
79,200
79,221
79,227
79,230
79,229
79,237
80,81
80,82
80,83
80,86
80,87
80,89
80,96
80,98
80,107
80,110
80,112
80,123
80,129
80,127
80,128
80,143
80,146
80,148
80,152
80,161
80,172
80,183
80,181
80,182
80,190
80,187
80,195
80,196
80,192
80,201
80,206
80,212
80,219
80,224
80,236
81,82
81,83
81,108
81,110
81,117
81,116
81,114
81,123
81,129
81,134
81,136
81,138
81,161
81,167
81,166
81,177
81,189
81,200
81,207
81,220
81,216
81,227
81,225
81,237
82,83
82,94
82,90
82,91
82,101
82,105
82,114
82,124
82,130
82,139
82,145
82,170
82,168
82,172
82,175
82,181
82,186
82,197
82,194
82,202
82,206
82,204
82,212
82,228
83,98
83,97
83,106
83,112
83,115
83,120
83,141
83,143
83,146
83,153
83,150
83,154
83,157
83,163
83,178
83,191
83,202
83,213
83,211
83,217
83,223
83,229
83,228
83,234
83,238
84,85
84,86
84,87
84,88
84,89
84,91
84,92
84,118
84,124
84,131
84,134
84,143
84,154
84,159
84,166
84,164
84,163
84,170
84,169
84,171
84,172
84,178
84,189
84,192
84,202
84,203
84,200
84,206
84,210
84,219
84,220
85,86
85,87
85,88
85,89
85,93
85,99
85,102
85,108
85,119
85,118
85,128
85,136
85,135
85,143
85,148
85,154
85,174
85,189
85,191
85,196
85,201
85,217
85,227
85,228
85,232
85,238
86,87
86,88
86,89
86,100
86,105
86,110
86,117
86,122
86,124
86,129
86,133
86,143
86,139
86,141
86,154
86,158
86,173
86,178
86,185
86,182
86,190
86,202
86,205
86,213
86,228
86,238
87,88
87,89
87,101
87,98
87,106
87,111
87,113
87,118
87,127
87,145
87,153
87,159
87,162
87,173
87,179
87,187
87,196
87,193
87,205
87,207
87,215
87,213
87,225
87,231
88,89
88,94
88,96
88,103
88,108
88,121
88,123
88,128
88,144
88,148
88,160
88,178
88,184
88,181
88,205
88,211
88,212
88,220
88,223
88,232
88,231
88,235
89,91
89,106
89,105
89,109
89,114
89,122
89,147
89,146
89,155
89,150
89,157
89,160
89,164
89,166
89,180
89,182
89,192
89,197
89,203
89,205
89,221
89,225
89,224
89,222
89,234
90,91
90,92
90,93
90,94
90,95
90,102
90,106
90,137
90,136
90,141
90,139
90,145
90,156
90,167
90,173
90,175
90,181
90,191
90,197
90,201
90,208
90,231
90,237
90,235
91,92
91,93
91,94
91,95
91,101
91,100
91,96
91,112
91,111
91,115
91,124
91,122
91,138
91,146
91,153
91,172
91,183
91,191
91,201
91,207
91,205
91,210
91,217
91,221
91,223
91,231
91,238
91,236
92,93
92,94
92,95
92,99
92,104
92,112
92,110
92,115
92,131
92,126
92,142
92,140
92,148
92,158
92,157
92,159
92,185
92,191
92,198
92,202
92,213
92,215
92,223
92,233
92,232
93,94
93,95
93,99
93,103
93,104
93,111
93,114
93,119
93,121
93,125
93,124
93,131
93,126
93,148
93,155
93,162
93,169
93,175
93,190
93,187
93,197
93,194
93,200
93,207
93,220
93,222
93,226
93,228
94,95
94,105
94,111
94,117
94,129
94,126
94,133
94,134
94,137
94,135
94,155
94,153
94,163
94,164
94,177
94,178
94,182
94,183
94,190
94,193
94,196
94,203
94,209
94,215
94,218
94,234
95,98
95,114
95,124
95,148
95,149
95,151
95,157
95,161
95,165
95,166
95,171
95,173
95,169
95,179
95,174
95,182
95,210
95,219
95,216
95,225
95,227
95,230
95,238
96,97
96,98
96,99
96,100
96,101
96,109
96,110
96,113
96,123
96,132
96,141
96,149
96,152
96,154
96,159
96,173
96,172
96,186
96,191
96,207
96,204
96,220
96,216
96,222
96,224
96,233
96,236
97,98
97,99
97,100
97,101
97,104
97,114
97,121
97,124
97,136
97,135
97,133
97,142
97,138
97,146
97,161
97,163
97,166
97,173
97,174
97,178
97,184
97,189
97,193
97,199
97,213
97,224
97,231
97,229
97,239
98,99
98,100
98,101
98,108
98,118
98,117
98,121
98,131
98,137
98,142
98,148
98,146
98,147
98,157
98,178
98,182
98,186
98,193
98,200
98,208
98,211
98,222
99,100
99,101
99,104
99,107
99,130
99,128
99,138
99,149
99,150
99,155
99,159
99,163
99,173
99,172
99,174
99,181
99,182
99,183
99,192
99,198
99,199
99,212
99,216
99,219
99,226
99,231
99,237
100,101
100,103
100,111
100,119
100,114
100,125
100,130
100,126
100,174
100,185
100,195
100,198
100,201
100,230
100,232
100,235
101,104
101,102
101,119
101,120
101,131
101,137
101,138
101,152
101,151
101,158
101,160
101,165
101,164
101,173
101,174
101,187
101,193
101,195
101,205
101,204
101,214
101,210
101,217
101,219
101,227
101,238
101,235
102,103
102,104
102,105
102,106
102,107
102,113
102,108
102,115
102,114
102,120
102,125
102,121
102,140
102,148
102,145
102,156
102,159
102,170
102,176
102,177
102,181
102,190
102,189
102,197
102,211
102,210
102,217
102,220
102,219
102,228
102,231
103,104
103,105
103,106
103,107
103,114
103,115
103,130
103,136
103,134
103,139
103,149
103,147
103,154
103,152
103,156
103,167
103,162
103,170
103,193
103,195
103,203
103,205
103,227
103,226
103,225
103,232
103,236
104,105
104,106
104,107
104,120
104,137
104,143
104,139
104,142
104,154
104,160
104,156
104,165
104,169
104,203
104,198
104,204
104,227
104,238
105,106
105,107
105,108
105,111
105,129
105,127
105,133
105,152
105,153
105,163
105,171
105,177
105,179
105,174
105,184
105,185
105,180
105,197
105,204
105,211
105,217
105,226
105,229
105,232
106,107
106,113
106,125
106,123
106,128
106,134
106,141
106,146
106,150
106,163
106,180
106,181
106,186
106,187
106,191
106,192
106,195
106,198
106,199
106,208
106,220
106,230
106,236
107,111
107,117
107,116
107,129
107,127
107,137
107,146
107,169
107,187
107,203
107,208
107,209
107,210
107,213
107,239
107,234
108,109
108,110
108,111
108,112
108,113
108,129
108,137
108,138
108,154
108,168
108,185
108,181
108,188
108,187
108,207
108,205
108,215
108,222
108,230
108,239
109,110
109,111
109,112
109,113
109,119
109,116
109,122
109,134
109,138
109,139
109,157
109,158
109,165
109,168
109,177
109,179
109,175
109,200
109,201
109,203
109,208
109,214
109,216
109,219
109,224
109,231
109,238
109,239
109,236
110,111
110,112
110,113
110,117
110,130
110,136
110,135
110,137
110,132
110,146
110,155
110,158
110,157
110,171
110,172
110,180
110,188
110,199
110,205
110,218
110,238
111,112
111,113
111,118
111,130
111,126
111,141
111,148
111,147
111,151
111,150
111,166
111,164
111,169
111,190
111,195
111,194
111,193
111,200
111,205
111,210
111,221
111,220
111,230
111,231
111,233
112,113
112,116
112,123
112,124
112,121
112,130
112,146
112,144
112,154
112,162
112,164
112,171
112,179
112,180
112,182
112,186
112,193
112,194
112,219
112,227
112,223
113,117
113,123
113,127
113,141
113,145
113,162
113,179
113,181
113,187
113,192
113,207
113,213
113,212
113,227
113,222
113,228
114,115
114,116
114,117
114,118
114,119
114,120
114,127
114,135
114,138
114,141
114,145
114,146
114,155
114,179
114,184
114,183
114,187
114,193
114,192
114,200
114,207
114,209
114,213
114,211
114,220
114,218
114,221
114,222
114,237
115,116
115,117
115,118
115,119
115,121
115,128
115,127
115,126
115,164
115,166
115,173
115,178
115,186
115,194
115,213
115,227
115,222
115,228
115,230
115,235
115,234
116,117
116,118
116,119
116,123
116,122
116,144
116,153
116,150
116,152
116,164
116,166
116,182
116,190
116,193
116,202
116,206
116,221
116,232
116,231
116,233
117,118
117,119
117,129
117,135
117,133
117,143
117,148
117,161
117,156
117,171
117,172
117,170
117,176
117,183
117,196
117,203
117,200
117,208
117,214
117,239
118,119
118,120
118,129
118,133
118,138
118,140
118,146
118,153
118,157
118,167
118,171
118,176
118,191
118,188
118,200
118,199
118,205
118,204
118,212
118,222
118,223
118,226
118,239
119,122
119,132
119,141
119,148
119,158
119,165
119,173
119,176
119,183
119,181
119,195
119,211
119,230
119,236
120,121
120,122
120,123
120,124
120,125
120,129
120,135
120,137
120,149
120,144
120,152
120,155
120,170
120,174
120,181
120,191
120,197
120,200
120,201
120,204
120,220
120,225
120,222
120,224
120,232
120,234
121,122
121,123
121,124
121,125
121,127
121,137
121,138
121,140
121,147
121,159
121,167
121,162
121,175
121,188
121,190
121,196
121,195
121,207
121,206
121,226
121,236
121,237
122,123
122,124
122,125
122,129
122,133
122,141
122,147
122,159
122,161
122,166
122,163
122,168
122,170
122,174
122,179
122,184
122,195
122,203
122,217
122,223
122,229
123,124
123,125
123,130
123,148
123,151
123,157
123,163
123,172
123,176
123,187
123,194
123,203
123,202
123,211
123,210
123,232
124,125
124,129
124,128
124,133
124,143
124,151
124,155
124,157
124,163
124,171
124,185
124,183
124,186
124,207
124,215
124,216
124,220
124,229
124,239
125,143
125,145
125,153
125,156
125,173
125,177
125,204
125,206
125,213
125,215
125,219
125,217
125,231
126,127
126,128
126,129
126,130
126,131
126,137
126,138
126,142
126,160
126,169
126,174
126,178
126,182
126,187
126,196
126,198
126,210
126,219
126,231
126,236
127,128
127,129
127,130
127,131
127,133
127,139
127,151
127,153
127,155
127,160
127,158
127,163
127,172
127,175
127,174
127,187
127,214
127,211
127,221
127,219
127,220
127,229
128,129
128,130
128,131
128,132
128,139
128,147
128,161
128,160
128,167
128,170
128,168
128,183
128,184
128,191
128,190
128,195
128,205
128,209
128,226
128,222
128,225
128,238
129,130
129,131
129,135
129,134
129,145
129,153
129,162
129,164
129,179
129,181
129,185
129,194
129,201
129,202
129,208
129,217
129,233
129,237
129,234
130,131
130,135
130,148
130,152
130,180
130,186
130,187
130,193
130,196
130,204
130,206
130,211
130,217
130,222
130,223
130,231
130,236
130,238
131,141
131,146
131,153
131,164
131,162
131,168
131,175
131,199
131,206
131,213
131,214
131,226
131,231
131,228
132,133
132,134
132,135
132,136
132,137
132,148
132,149
132,151
132,156
132,174
132,191
132,193
132,198
132,202
132,200
132,203
132,212
132,211
132,217
132,227
132,225
132,236
133,134
133,135
133,136
133,137
133,143
133,159
133,164
133,171
133,179
133,182
133,187
133,204
133,219
133,238
133,236
134,135
134,136
134,137
134,143
134,141
134,144
134,161
134,165
134,167
134,171
134,169
134,174
134,178
134,181
134,193
134,194
134,198
134,204
134,206
134,205
134,226
134,224
134,225
134,233
135,136
135,137
135,147
135,154
135,152
135,161
135,164
135,173
135,185
135,182
135,190
135,188
135,187
135,186
135,197
135,214
135,218
135,225
135,232
135,233
135,239
136,137
136,140
136,145
136,150
136,159
136,157
136,174
136,176
136,181
136,185
136,192
136,195
136,208
136,209
136,210
136,219
136,217
136,228
137,141
137,148
137,155
137,153
137,166
137,170
137,210
137,220
137,228
137,234
137,237
138,139
138,140
138,141
138,142
138,143
138,144
138,146
138,160
138,165
138,169
138,185
138,206
138,209
138,225
138,233
139,140
139,141
139,142
139,143
139,150
139,176
139,180
139,194
139,192
139,196
139,201
139,202
139,198
139,204
139,213
139,217
139,228
139,234
140,141
140,142
140,143
140,148
140,145
140,155
140,151
140,156
140,158
140,172
140,186
140,188
140,213
140,211
140,219
140,235
140,239
141,142
141,143
141,144
141,150
141,166
141,170
141,171
141,175
141,174
141,202
141,208
141,213
141,219
141,225
141,239
141,237
142,143
142,145
142,151
142,154
142,158
142,178
142,174
142,181
142,185
142,190
142,189
142,195
142,193
142,208
142,216
142,220
142,223
142,224
142,226
143,156
143,166
143,163
143,164
143,170
143,171
143,176
143,182
143,184
143,188
143,201
143,209
143,217
143,222
143,231
143,228
143,237
144,145
144,146
144,147
144,148
144,149
144,152
144,158
144,164
144,182
144,186
144,187
144,192
144,211
144,212
144,219
144,221
144,226
144,232
145,146
145,147
145,148
145,149
145,153
145,159
145,175
145,182
145,180
145,189
145,186
145,193
145,192
145,202
145,209
145,213
145,221
145,231
145,234
145,239
146,147
146,148
146,149
146,154
146,157
146,172
146,184
146,189
146,209
146,208
146,210
146,220
146,224
146,222
146,225
146,236
147,148
147,149
147,153
147,155
147,160
147,171
147,172
147,178
147,176
147,180
147,199
147,203
147,208
147,210
147,224
147,228
148,149
148,154
148,161
148,163
148,169
148,174
148,179
148,185
148,192
148,199
148,198
148,207
148,205
148,211
148,231
148,229
148,239
148,237
149,165
149,163
149,164
149,169
149,179
149,189
149,195
149,193
149,221
149,225
149,230
149,237
150,151
150,152
150,153
150,154
150,155
150,158
150,166
150,170
150,179
150,175
150,196
150,193
150,203
150,208
150,215
150,221
150,226
150,228
150,237
151,152
151,153
151,154
151,155
151,161
151,162
151,170
151,185
151,193
151,209
151,206
151,219
151,227
151,231
151,228
151,239
152,153
152,154
152,155
152,161
152,170
152,171
152,176
152,187
152,186
152,189
152,203
152,205
152,211
152,213
152,218
152,222
152,226
152,235
153,154
153,155
153,167
153,171
153,177
153,180
153,184
153,190
153,203
153,230
153,238
154,155
154,172
154,174
154,181
154,189
154,192
154,193
154,201
154,210
154,211
154,233
154,235
155,160
155,166
155,167
155,182
155,186
155,197
155,203
155,199
155,209
155,205
155,218
155,216
155,223
155,237
156,157
156,158
156,159
156,160
156,161
156,164
156,169
156,178
156,182
156,185
156,187
156,199
156,202
156,200
156,209
156,206
156,214
156,212
157,158
157,159
157,160
157,161
157,166
157,185
157,194
157,198
157,207
157,215
157,214
157,220
157,218
157,225
157,239
158,159
158,160
158,161
158,165
158,175
158,187
158,196
158,217
158,231
158,233
159,160
159,161
159,167
159,187
159,196
159,198
159,209
159,211
159,225
159,223
159,232
159,229
159,239
159,235
159,238
160,161
160,171
160,178
160,188
160,197
160,207
160,208
160,212
160,218
160,225
160,232
160,238
161,165
161,164
161,169
161,170
161,173
161,179
161,180
161,185
161,186
161,191
161,192
161,196
161,200
161,216
161,219
161,223
161,233
161,236
162,163
162,164
162,165
162,166
162,167
162,169
162,172
162,174
162,185
162,186
162,201
162,215
162,213
162,228
163,164
163,165
163,166
163,167
163,170
163,191
163,192
163,200
163,206
163,216
163,219
163,217
163,221
163,227
163,225
163,232
163,238
164,165
164,166
164,167
164,178
164,174
164,186
164,197
164,195
164,194
164,216
164,227
164,223
164,231
164,235
165,166
165,167
165,171
165,177
165,185
165,187
165,199
165,202
165,214
165,225
165,229
165,230
165,234
166,167
166,168
166,181
166,182
166,188
166,189
166,205
166,209
166,211
166,219
166,226
166,229
166,237
166,236
167,169
167,178
167,177
167,182
167,194
167,203
167,206
167,207
167,215
167,211
168,169
168,170
168,171
168,172
168,173
168,175
168,181
168,191
168,195
168,202
168,209
168,221
168,228
168,233
168,237
169,170
169,171
169,172
169,173
169,177
169,179
169,180
169,187
169,195
169,193
169,198
169,201
169,203
169,209
169,205
169,210
169,212
169,221
169,231
169,230
170,171
170,172
170,173
170,179
170,182
170,191
170,190
170,202
170,204
170,212
170,220
170,221
170,223
170,229
170,238
171,172
171,173
171,195
171,198
171,207
171,218
171,223
171,233
171,238
172,173
172,175
172,174
172,195
172,192
172,211
172,210
172,216
172,226
172,223
172,225
172,235
173,182
173,183
173,181
173,186
173,188
173,207
173,239
174,175
174,176
174,177
174,178
174,179
174,189
174,190
174,199
174,223
174,231
175,176
175,177
175,178
175,179
175,184
175,186
175,196
175,194
175,195
175,221
175,238
176,177
176,178
176,179
176,180
176,192
176,202
176,204
176,209
176,207
176,214
176,226
176,224
176,235
176,236
177,178
177,179
177,190
177,202
177,200
177,207
177,215
177,217
177,228
177,231
178,179
178,182
178,190
178,197
178,199
178,204
178,205
178,210
178,218
178,226
178,229
178,233
178,237
179,183
179,181
179,184
179,200
179,212
179,215
179,227
179,225
179,238
179,236
180,181
180,182
180,183
180,184
180,185
180,193
180,194
180,209
180,212
180,219
180,225
180,227
180,231
181,182
181,183
181,184
181,185
181,188
181,200
181,199
181,208
181,207
181,211
181,210
181,222
181,224
181,230
181,238
182,183
182,184
182,185
182,188
182,196
182,206
182,211
182,223
182,231
182,236
183,184
183,185
183,188
183,192
183,198
183,199
183,219
183,218
183,220
183,239
184,185
184,186
184,197
184,203
184,219
184,232
184,237
185,190
185,193
185,198
185,207
185,208
185,210
185,221
185,227
185,228
185,234
185,237
186,187
186,188
186,189
186,190
186,191
186,204
186,208
186,212
186,219
186,239
187,188
187,189
187,190
187,191
187,195
187,192
187,198
187,214
187,217
187,236
187,235
188,189
188,190
188,191
188,200
188,203
188,212
188,213
188,211
188,222
188,228
188,233
189,190
189,191
189,193
189,200
189,211
189,222
189,227
189,225
189,229
190,191
190,194
190,192
190,200
190,207
190,209
190,221
190,220
190,218
190,228
190,233
190,235
190,236
191,193
191,200
191,208
191,206
191,221
191,222
191,233
192,193
192,194
192,195
192,196
192,197
192,207
192,221
192,232
192,228
192,234
193,194
193,195
193,196
193,197
193,202
193,203
193,200
193,208
193,210
193,211
193,220
193,218
193,226
193,224
193,230
193,229
193,231
193,237
194,195
194,196
194,197
194,204
194,215
194,214
194,217
194,234
195,196
195,197
195,201
195,200
195,207
195,210
196,197
196,204
196,206
196,213
196,220
196,224
196,227
196,236
197,200
197,224
197,227
197,231
197,235
198,199
198,200
198,201
198,202
198,203
198,218
198,220
198,223
198,230
198,231
198,239
199,200
199,201
199,202
199,203
199,230
199,237
200,201
200,202
200,203
200,215
200,213
200,216
200,233
201,202
201,203
201,207
201,215
201,211
201,223
201,222
202,203
202,204
202,208
202,219
202,232
202,236
202,234
203,205
203,207
203,204
203,217
203,219
203,224
203,226
203,238
203,239
204,205
204,206
204,207
204,208
204,209
204,213
204,211
204,222
204,223
205,206
205,207
205,208
205,209
205,216
205,221
205,224
205,222
205,231
205,238
205,236
206,207
206,208
206,209
206,215
206,217
206,220
206,233
206,237
207,208
207,209
207,213
207,211
207,222
207,233
207,230
207,234
207,235
208,209
208,220
209,219
209,224
209,232
210,211
210,212
210,213
210,214
210,215
210,217
210,226
210,232
210,237
211,212
211,213
211,214
211,215
211,216
211,225
211,222
211,232
211,234
212,213
212,214
212,215
212,227
212,231
213,214
213,215
213,216
213,232
213,229
213,228
213,235
214,215
214,218
214,227
214,237
214,239
215,216
215,221
215,225
216,217
216,218
216,219
216,220
216,221
216,224
216,227
216,230
217,218
217,219
217,220
217,221
217,227
217,233
217,229
218,219
218,220
218,221
218,234
218,238
219,220
219,221
219,224
219,235
219,238
220,221
220,230
220,228
221,222
221,231
221,236
222,223
222,224
222,225
222,226
222,227
222,234
223,224
223,225
223,226
223,227
223,233
224,225
224,226
224,227
224,228
224,230
224,238
225,226
225,227
225,229
225,236
225,239
226,227
226,232
227,231
228,229
228,230
228,231
228,232
228,233
229,230
229,231
229,232
229,233
230,231
230,232
230,233
230,234
231,232
231,233
232,233
232,235
232,238
232,239
232,236
233,236
234,235
234,236
234,237
234,238
234,239
235,236
235,237
235,238
235,239
236,237
236,238
236,239
237,238
237,239
238,239
