# grafo generado automáticamente para TP3
0,1
0,2
0,3
0,4
0,5
0,6
0,7
0,24
0,31
0,73
0,108
0,114
0,112
0,143
0,144
0,166
0,190
0,202
0,200
0,223
0,217
0,225
0,234
0,256
0,265
0,277
0,280
0,289
0,305
0,320
0,349
0,347
0,354
0,361
0,390
1,2
1,3
1,4
1,5
1,6
1,7
1,34
1,39
1,83
1,85
1,89
1,103
1,123
1,131
1,141
1,147
1,156
1,162
1,175
1,206
1,225
1,233
1,281
1,303
1,338
1,359
1,372
1,376
1,385
2,3
2,4
2,5
2,6
2,7
2,19
2,31
2,71
2,94
2,91
2,97
2,148
2,164
2,173
2,180
2,185
2,275
2,299
2,362
2,370
2,381
3,4
3,5
3,6
3,7
3,11
3,14
3,25
3,42
3,53
3,50
3,49
3,76
3,99
3,123
3,122
3,128
3,153
3,181
3,189
3,192
3,258
3,307
3,305
3,314
3,313
3,321
3,344
3,383
4,5
4,6
4,7
4,42
4,56
4,68
4,78
4,72
4,85
4,113
4,132
4,137
4,138
4,194
4,217
4,236
4,241
4,258
4,279
4,275
4,280
4,324
4,334
4,339
4,337
4,366
4,380
4,391
4,385
4,394
4,395
5,6
5,7
5,10
5,48
5,63
5,85
5,91
5,106
5,107
5,120
5,147
5,170
5,177
5,203
5,209
5,236
5,244
5,268
5,271
5,287
5,290
5,301
5,330
5,335
5,393
6,7
6,22
6,33
6,42
6,69
6,110
6,117
6,159
6,165
6,178
6,199
6,213
6,216
6,230
6,229
6,247
6,245
6,261
6,294
6,290
6,299
6,328
6,336
6,374
6,368
7,22
7,23
7,37
7,41
7,56
7,99
7,134
7,159
7,173
7,185
7,196
7,210
7,215
7,255
7,251
7,253
7,249
7,271
7,310
7,318
7,322
7,358
7,361
7,394
8,9
8,10
8,11
8,12
8,13
8,14
8,15
8,16
8,26
8,43
8,79
8,110
8,120
8,129
8,132
8,159
8,180
8,194
8,196
8,234
8,243
8,245
8,252
8,258
8,278
8,285
8,293
8,300
8,371
8,375
8,377
9,10
9,11
9,12
9,13
9,14
9,15
9,17
9,41
9,68
9,80
9,83
9,87
9,88
9,101
9,110
9,118
9,117
9,122
9,160
9,166
9,162
9,170
9,186
9,204
9,222
9,221
9,253
9,263
9,269
9,286
9,329
9,328
9,335
9,337
9,345
9,374
9,380
9,387
10,11
10,12
10,13
10,14
10,15
10,88
10,92
10,111
10,137
10,150
10,164
10,185
10,199
10,209
10,216
10,226
10,235
10,247
10,293
10,296
10,309
10,321
10,355
10,399
11,12
11,13
11,14
11,15
11,21
11,55
11,54
11,61
11,101
11,130
11,142
11,158
11,172
11,181
11,200
11,209
11,227
11,311
11,313
11,335
11,357
11,380
11,395
12,13
12,14
12,15
12,28
12,32
12,62
12,73
12,141
12,148
12,175
12,179
12,189
12,187
12,205
12,228
12,235
12,277
12,285
12,309
12,340
12,345
12,357
12,355
12,364
12,390
12,394
13,14
13,15
13,41
13,67
13,104
13,147
13,159
13,172
13,192
13,248
13,256
13,268
13,287
13,305
13,318
13,321
13,350
13,360
13,367
13,361
13,387
14,15
14,28
14,36
14,37
14,50
14,61
14,56
14,64
14,68
14,87
14,113
14,131
14,139
14,179
14,200
14,211
14,267
14,290
14,294
14,313
14,316
14,336
14,340
14,344
14,373
14,381
15,18
15,24
15,35
15,44
15,49
15,74
15,91
15,100
15,96
15,119
15,124
15,121
15,145
15,208
15,225
15,235
15,244
15,249
15,271
15,278
15,277
15,299
15,327
15,321
16,17
16,18
16,19
16,20
16,21
16,22
16,23
16,28
16,51
16,82
16,95
16,91
16,103
16,104
16,126
16,132
16,141
16,153
16,175
16,178
16,198
16,225
16,246
16,251
16,250
16,267
16,276
16,294
16,311
16,337
16,351
16,358
16,360
16,371
16,391
17,18
17,19
17,20
17,21
17,22
17,23
17,24
17,48
17,61
17,63
17,66
17,65
17,69
17,102
17,140
17,222
17,231
17,241
17,297
17,313
17,341
17,351
17,357
17,353
18,19
18,20
18,21
18,22
18,23
18,34
18,60
18,78
18,87
18,99
18,123
18,155
18,197
18,196
18,201
18,234
18,284
18,300
18,298
18,307
18,313
18,332
18,335
18,340
18,344
18,383
19,20
19,21
19,22
19,23
19,31
19,32
19,65
19,73
19,81
19,108
19,113
19,155
19,167
19,174
19,178
19,198
19,225
19,275
19,292
19,303
19,308
19,312
19,325
19,324
19,388
19,387
20,21
20,22
20,23
20,30
20,39
20,37
20,43
20,135
20,145
20,148
20,165
20,171
20,174
20,186
20,212
20,232
20,261
20,257
20,268
20,265
20,273
20,293
20,329
20,369
20,379
20,396
20,393
21,22
21,23
21,73
21,86
21,108
21,130
21,139
21,147
21,167
21,179
21,206
21,203
21,204
21,209
21,212
21,217
21,218
21,237
21,252
21,266
21,372
21,377
22,23
22,47
22,52
22,49
22,62
22,107
22,114
22,113
22,115
22,121
22,156
22,182
22,187
22,210
22,219
22,225
22,240
22,256
22,305
22,325
22,323
22,347
22,358
22,362
22,373
22,397
22,392
23,43
23,73
23,93
23,103
23,120
23,133
23,139
23,144
23,186
23,239
23,244
23,252
23,256
23,275
23,280
23,281
23,292
23,317
23,331
23,340
23,363
23,361
23,383
23,390
24,25
24,26
24,27
24,28
24,29
24,30
24,31
24,81
24,124
24,121
24,146
24,163
24,245
24,266
24,293
24,317
24,329
24,336
24,350
24,348
24,355
24,356
24,354
24,363
24,384
25,26
25,27
25,28
25,29
25,30
25,31
25,52
25,56
25,73
25,85
25,105
25,141
25,155
25,166
25,169
25,184
25,196
25,227
25,267
25,274
25,287
25,296
25,306
25,308
25,380
25,387
25,399
26,27
26,28
26,29
26,30
26,31
26,55
26,57
26,67
26,71
26,88
26,106
26,128
26,146
26,157
26,176
26,197
26,214
26,216
26,237
26,235
26,241
26,243
26,254
26,261
26,262
26,271
26,281
26,310
26,362
26,374
26,383
26,388
26,391
26,393
26,396
27,28
27,29
27,30
27,31
27,46
27,85
27,104
27,112
27,113
27,122
27,158
27,162
27,172
27,192
27,193
27,204
27,226
27,234
27,280
27,289
27,316
27,325
27,328
27,340
27,349
27,371
27,394
28,29
28,30
28,31
28,37
28,80
28,93
28,115
28,129
28,202
28,218
28,234
28,267
28,297
28,300
28,319
28,327
28,346
28,366
29,30
29,31
29,36
29,46
29,57
29,60
29,69
29,93
29,91
29,100
29,140
29,178
29,191
29,204
29,214
29,243
29,252
29,291
29,328
29,341
29,372
29,382
30,31
30,33
30,36
30,43
30,76
30,98
30,111
30,115
30,134
30,140
30,150
30,149
30,155
30,181
30,184
30,213
30,215
30,221
30,227
30,251
30,250
30,257
30,273
30,274
30,284
30,296
30,324
30,335
30,336
30,364
30,371
30,383
31,45
31,48
31,51
31,68
31,77
31,74
31,96
31,99
31,121
31,129
31,138
31,165
31,173
31,183
31,191
31,207
31,217
31,226
31,257
31,279
31,309
31,316
31,323
31,356
32,33
32,34
32,35
32,36
32,37
32,38
32,39
32,67
32,74
32,81
32,95
32,96
32,110
32,113
32,132
32,134
32,160
32,185
32,199
32,202
32,211
32,216
32,225
32,287
32,295
32,357
32,366
33,34
33,35
33,36
33,37
33,38
33,39
33,60
33,79
33,82
33,131
33,153
33,152
33,158
33,187
33,221
33,264
33,294
33,314
33,326
33,321
33,347
33,357
33,376
33,387
34,35
34,36
34,37
34,38
34,39
34,45
34,65
34,87
34,110
34,107
34,126
34,143
34,145
34,237
34,232
34,249
34,276
34,285
34,294
34,288
34,299
34,330
34,358
34,360
35,36
35,37
35,38
35,39
35,70
35,117
35,133
35,136
35,140
35,148
35,175
35,196
35,204
35,225
35,246
35,248
35,251
35,260
35,276
35,302
35,318
35,315
35,312
35,321
35,333
35,343
35,342
35,371
35,378
35,397
36,37
36,38
36,39
36,56
36,74
36,94
36,93
36,148
36,153
36,168
36,180
36,179
36,206
36,215
36,222
36,234
36,246
36,251
36,258
36,269
36,276
36,286
36,307
36,329
36,333
36,337
36,338
36,346
36,363
37,38
37,39
37,45
37,44
37,41
37,48
37,53
37,50
37,57
37,97
37,125
37,123
37,139
37,168
37,189
37,212
37,214
37,216
37,256
37,279
37,282
37,301
37,306
37,368
37,387
37,389
37,393
37,399
38,39
38,87
38,90
38,96
38,116
38,166
38,161
38,163
38,183
38,198
38,201
38,226
38,233
38,241
38,266
38,303
38,323
38,348
38,346
38,352
38,372
38,382
38,385
38,398
39,54
39,62
39,69
39,79
39,100
39,111
39,113
39,121
39,146
39,169
39,176
39,185
39,196
39,256
39,309
39,365
39,368
39,378
40,41
40,42
40,43
40,44
40,45
40,46
40,47
40,106
40,115
40,131
40,130
40,145
40,147
40,175
40,192
40,216
40,227
40,245
40,254
40,256
40,269
40,267
40,285
40,330
40,337
40,369
40,399
41,42
41,43
41,44
41,45
41,46
41,47
41,52
41,57
41,64
41,77
41,86
41,95
41,101
41,125
41,135
41,185
41,186
41,189
41,195
41,205
41,212
41,257
41,282
41,288
41,298
41,299
41,307
41,327
41,343
41,341
41,358
41,364
41,369
41,383
41,392
42,43
42,44
42,45
42,46
42,47
42,54
42,56
42,107
42,124
42,134
42,147
42,162
42,180
42,176
42,177
42,200
42,202
42,216
42,230
42,243
42,249
42,281
42,291
42,298
42,301
42,318
42,328
42,347
42,356
42,371
43,44
43,45
43,46
43,47
43,86
43,98
43,115
43,113
43,157
43,181
43,213
43,236
43,235
43,253
43,270
43,272
43,304
43,316
43,313
43,321
43,331
43,337
43,364
43,391
43,390
44,45
44,46
44,47
44,57
44,69
44,80
44,94
44,117
44,143
44,144
44,155
44,167
44,164
44,169
44,213
44,216
44,225
44,235
44,240
44,266
44,304
44,322
44,329
44,348
44,356
44,381
44,379
45,46
45,47
45,52
45,50
45,72
45,76
45,101
45,141
45,160
45,259
45,257
45,272
45,291
45,294
45,345
45,369
45,381
45,389
46,47
46,61
46,67
46,68
46,76
46,92
46,99
46,127
46,136
46,157
46,171
46,189
46,192
46,252
46,276
46,285
46,351
46,360
47,86
47,89
47,110
47,104
47,121
47,140
47,153
47,168
47,195
47,201
47,214
47,221
47,228
47,236
47,244
47,278
47,309
47,317
47,363
47,395
47,393
48,49
48,50
48,51
48,52
48,53
48,54
48,55
48,58
48,69
48,77
48,84
48,134
48,128
48,141
48,137
48,162
48,181
48,197
48,229
48,237
48,250
48,249
48,262
48,259
48,299
48,307
48,305
48,318
48,330
48,346
49,50
49,51
49,52
49,53
49,54
49,55
49,91
49,96
49,114
49,120
49,173
49,188
49,197
49,245
49,260
49,294
49,317
49,339
49,352
49,361
49,375
49,370
49,386
49,393
50,51
50,52
50,53
50,54
50,55
50,90
50,110
50,175
50,188
50,200
50,203
50,223
50,222
50,231
50,227
50,244
50,274
50,283
50,308
50,318
50,320
50,336
50,365
50,378
50,388
51,52
51,53
51,54
51,55
51,65
51,68
51,74
51,82
51,84
51,102
51,100
51,110
51,149
51,215
51,239
51,270
51,272
51,284
51,301
51,298
51,305
51,326
51,329
51,342
51,353
51,358
51,370
52,53
52,54
52,55
52,63
52,64
52,73
52,87
52,93
52,92
52,107
52,118
52,122
52,127
52,134
52,149
52,172
52,183
52,194
52,287
52,293
52,365
52,360
52,391
52,394
52,393
52,397
53,54
53,55
53,57
53,61
53,74
53,103
53,115
53,123
53,141
53,155
53,164
53,169
53,210
53,213
53,236
53,281
53,290
53,303
53,351
53,344
53,377
54,55
54,156
54,165
54,178
54,190
54,194
54,200
54,213
54,218
54,238
54,244
54,245
54,254
54,271
54,274
54,314
54,348
54,353
54,374
54,389
55,110
55,114
55,134
55,151
55,146
55,153
55,157
55,181
55,184
55,202
55,230
55,251
55,266
55,265
55,277
55,326
55,333
55,329
55,336
55,381
56,57
56,58
56,59
56,60
56,61
56,62
56,63
56,66
56,90
56,102
56,119
56,112
56,120
56,130
56,152
56,165
56,181
56,187
56,208
56,217
56,229
56,231
56,244
56,252
56,272
56,296
56,297
56,309
56,321
56,376
57,58
57,59
57,60
57,61
57,62
57,63
57,81
57,83
57,98
57,110
57,105
57,139
57,153
57,166
57,165
57,174
57,235
57,240
57,246
57,250
57,277
57,287
57,327
57,340
57,370
57,382
57,386
58,59
58,60
58,61
58,62
58,63
58,87
58,130
58,137
58,168
58,181
58,198
58,202
58,227
58,260
58,278
58,281
58,301
58,309
58,317
58,344
58,363
58,371
59,60
59,61
59,62
59,63
59,64
59,78
59,90
59,122
59,142
59,178
59,207
59,235
59,286
59,290
59,296
59,316
59,325
59,347
59,353
59,366
59,377
59,389
59,395
60,61
60,62
60,63
60,79
60,88
60,101
60,109
60,131
60,141
60,161
60,173
60,185
60,204
60,215
60,212
60,221
60,238
60,240
60,255
60,307
60,304
60,332
60,334
60,339
60,373
60,386
60,395
61,62
61,63
61,69
61,79
61,106
61,117
61,121
61,122
61,146
61,153
61,156
61,175
61,193
61,192
61,202
61,216
61,223
61,277
61,292
61,294
61,288
61,314
61,340
61,388
61,396
62,63
62,71
62,73
62,118
62,133
62,149
62,184
62,185
62,213
62,225
62,252
62,263
62,257
62,266
62,264
62,284
62,330
62,348
62,345
62,353
62,363
62,379
62,393
63,80
63,93
63,99
63,149
63,144
63,180
63,194
63,234
63,261
63,270
63,266
63,319
63,325
63,333
63,341
63,354
63,362
63,368
64,65
64,66
64,67
64,68
64,69
64,70
64,71
64,74
64,89
64,88
64,116
64,150
64,145
64,157
64,159
64,165
64,175
64,185
64,196
64,195
64,212
64,219
64,232
64,252
64,257
64,272
64,309
64,321
64,351
64,360
64,374
64,383
64,384
65,66
65,67
65,68
65,69
65,70
65,71
65,75
65,86
65,83
65,134
65,153
65,162
65,242
65,244
65,277
65,279
65,329
65,339
65,374
65,384
65,388
66,67
66,68
66,69
66,70
66,71
66,75
66,103
66,129
66,149
66,183
66,209
66,235
66,262
66,292
66,299
66,318
66,326
66,352
66,354
66,367
67,68
67,69
67,70
67,71
67,142
67,174
67,201
67,205
67,217
67,231
67,234
67,249
67,267
67,287
67,285
67,298
67,345
67,398
68,69
68,70
68,71
68,128
68,143
68,141
68,148
68,191
68,202
68,215
68,216
68,241
68,240
68,257
68,267
68,266
68,317
68,312
68,323
68,339
68,354
68,374
68,368
68,382
68,393
69,70
69,71
69,78
69,92
69,94
69,98
69,103
69,106
69,105
69,121
69,127
69,137
69,179
69,228
69,230
69,253
69,296
69,309
69,307
69,317
69,323
69,342
69,343
69,357
69,364
69,360
69,394
70,71
70,82
70,111
70,110
70,125
70,171
70,178
70,198
70,202
70,227
70,232
70,251
70,266
70,279
70,280
70,283
70,291
70,309
70,335
70,333
70,349
70,382
70,398
71,99
71,117
71,119
71,121
71,134
71,161
71,167
71,180
71,185
71,189
71,208
71,259
71,293
71,296
71,335
71,346
71,389
72,73
72,74
72,75
72,76
72,77
72,78
72,79
72,152
72,170
72,178
72,202
72,205
72,214
72,220
72,232
72,281
72,292
72,296
72,304
72,328
72,338
72,345
72,356
72,382
73,74
73,75
73,76
73,77
73,78
73,79
73,91
73,105
73,157
73,178
73,242
73,281
73,295
73,304
73,337
73,351
73,355
73,362
73,367
73,383
73,390
73,396
74,75
74,76
74,77
74,78
74,79
74,89
74,97
74,96
74,118
74,116
74,144
74,153
74,181
74,236
74,237
74,264
74,273
74,293
74,311
74,308
74,325
74,332
74,336
74,350
74,384
75,76
75,77
75,78
75,79
75,104
75,130
75,131
75,145
75,175
75,198
75,212
75,221
75,224
75,228
75,239
75,249
75,248
75,263
75,264
75,274
75,295
75,299
75,325
75,331
76,77
76,78
76,79
76,87
76,100
76,105
76,120
76,137
76,146
76,189
76,193
76,198
76,224
76,244
76,248
76,287
76,297
76,332
76,371
76,379
76,388
77,78
77,79
77,85
77,113
77,117
77,126
77,139
77,143
77,154
77,163
77,172
77,169
77,189
77,186
77,211
77,216
77,243
77,248
77,260
77,256
77,273
77,338
77,346
77,362
77,371
77,369
78,79
78,87
78,92
78,99
78,109
78,123
78,128
78,138
78,181
78,197
78,201
78,230
78,276
78,297
78,317
78,312
78,320
78,353
78,374
78,379
78,395
79,87
79,130
79,167
79,166
79,164
79,203
79,211
79,219
79,244
79,257
79,271
79,267
79,287
79,313
79,312
79,359
79,360
79,387
79,393
80,81
80,82
80,83
80,84
80,85
80,86
80,87
80,110
80,128
80,147
80,186
80,204
80,255
80,282
80,290
80,306
80,342
80,380
80,393
81,82
81,83
81,84
81,85
81,86
81,87
81,119
81,114
81,135
81,145
81,155
81,159
81,161
81,169
81,174
81,171
81,173
81,192
81,218
81,227
81,299
81,327
81,321
81,332
81,340
81,351
81,356
81,370
81,372
81,369
81,384
82,83
82,84
82,85
82,86
82,87
82,103
82,113
82,122
82,134
82,179
82,185
82,192
82,208
82,211
82,222
82,235
82,243
82,274
82,285
82,298
82,331
82,348
82,355
82,354
82,378
82,388
83,84
83,85
83,86
83,87
83,109
83,118
83,138
83,162
83,182
83,198
83,204
83,229
83,249
83,257
83,276
83,297
83,325
83,333
83,379
83,377
83,389
83,392
84,85
84,86
84,87
84,93
84,96
84,126
84,130
84,138
84,159
84,158
84,166
84,213
84,215
84,226
84,241
84,256
84,267
84,302
84,304
84,314
84,351
84,345
84,360
85,86
85,87
85,92
85,93
85,140
85,165
85,194
85,219
85,222
85,250
85,269
85,282
85,371
85,384
86,87
86,89
86,98
86,102
86,110
86,124
86,148
86,183
86,190
86,229
86,239
86,234
86,250
86,258
86,264
86,270
86,272
86,274
86,283
86,288
86,308
86,320
86,336
86,359
86,367
86,397
87,122
87,137
87,151
87,182
87,190
87,201
87,200
87,239
87,243
87,260
87,288
87,289
87,306
87,317
87,316
87,328
87,338
87,367
87,394
88,89
88,90
88,91
88,92
88,93
88,94
88,95
88,123
88,134
88,131
88,140
88,167
88,183
88,203
88,209
88,231
88,235
88,266
88,271
88,277
88,350
88,368
88,393
89,90
89,91
89,92
89,93
89,94
89,95
89,102
89,115
89,120
89,148
89,147
89,145
89,159
89,190
89,196
89,219
89,224
89,252
89,250
89,265
89,332
89,346
89,357
89,380
90,91
90,92
90,93
90,94
90,95
90,127
90,129
90,143
90,164
90,170
90,199
90,201
90,223
90,240
90,259
90,274
90,301
90,304
90,312
90,315
90,313
90,326
90,325
90,342
90,347
90,359
90,372
90,379
90,381
90,388
91,92
91,93
91,94
91,95
91,98
91,110
91,137
91,142
91,154
91,168
91,181
91,194
91,198
91,206
91,235
91,260
91,261
91,275
91,292
91,322
91,328
91,331
91,352
91,367
92,93
92,94
92,95
92,109
92,116
92,157
92,165
92,180
92,191
92,189
92,213
92,238
92,247
92,240
92,253
92,282
92,289
92,305
92,371
92,377
93,94
93,95
93,163
93,214
93,212
93,226
93,247
93,253
93,289
93,298
93,321
93,339
93,337
93,362
93,363
93,388
93,396
94,95
94,96
94,105
94,109
94,115
94,120
94,128
94,174
94,171
94,184
94,239
94,292
94,300
94,304
94,373
94,392
95,96
95,117
95,148
95,179
95,203
95,217
95,271
95,272
95,282
95,280
95,300
95,309
95,318
95,328
95,342
95,351
95,355
95,365
95,391
95,387
95,394
96,97
96,98
96,99
96,100
96,101
96,102
96,103
96,117
96,120
96,152
96,194
96,207
96,218
96,227
96,229
96,249
96,262
96,280
96,302
96,321
96,349
96,389
96,399
97,98
97,99
97,100
97,101
97,102
97,103
97,121
97,144
97,157
97,172
97,176
97,183
97,195
97,206
97,214
97,242
97,258
97,275
97,280
97,334
97,342
97,357
97,375
97,369
97,377
97,378
97,387
97,396
98,99
98,100
98,101
98,102
98,103
98,130
98,147
98,185
98,197
98,237
98,253
98,294
98,316
98,361
98,371
98,384
99,100
99,101
99,102
99,103
99,109
99,123
99,140
99,191
99,221
99,244
99,248
99,260
99,267
99,304
99,318
99,335
99,338
99,351
99,352
99,366
99,364
99,387
100,101
100,102
100,103
100,119
100,134
100,136
100,141
100,164
100,180
100,218
100,232
100,275
100,287
100,289
100,296
100,310
100,330
101,102
101,103
101,126
101,128
101,135
101,137
101,144
101,147
101,187
101,212
101,210
101,223
101,231
101,227
101,235
101,267
101,298
101,303
101,341
101,346
101,357
101,358
102,103
102,111
102,115
102,165
102,162
102,173
102,171
102,195
102,250
102,258
102,268
102,294
102,306
102,305
102,317
102,321
103,109
103,107
103,112
103,156
103,152
103,163
103,172
103,182
103,187
103,205
103,202
103,212
103,235
103,243
103,242
103,268
103,276
103,274
103,281
103,289
103,325
103,321
103,339
103,346
103,365
103,374
103,378
103,398
103,392
104,105
104,106
104,107
104,108
104,109
104,110
104,111
104,121
104,145
104,158
104,211
104,218
104,234
104,273
104,277
104,287
104,299
104,314
104,328
104,352
105,106
105,107
105,108
105,109
105,110
105,111
105,134
105,151
105,163
105,191
105,194
105,202
105,214
105,226
105,250
105,263
105,279
105,287
105,308
105,306
105,320
105,322
105,371
105,386
106,107
106,108
106,109
106,110
106,111
106,156
106,154
106,176
106,196
106,203
106,234
106,245
106,268
106,269
106,284
106,294
106,327
106,333
106,332
106,362
106,375
106,379
107,108
107,109
107,110
107,111
107,150
107,154
107,175
107,176
107,218
107,237
107,254
107,261
107,276
107,292
107,340
107,345
107,365
107,371
107,382
107,384
107,393
108,109
108,110
108,111
108,119
108,121
108,140
108,164
108,169
108,178
108,183
108,219
108,267
108,284
108,301
108,318
108,371
109,110
109,111
109,125
109,165
109,193
109,197
109,210
109,224
109,238
109,243
109,262
109,299
109,305
109,306
109,334
109,342
110,111
110,114
110,130
110,129
110,175
110,174
110,245
110,263
110,265
110,295
110,300
110,316
110,339
110,346
110,358
110,356
110,391
110,386
110,398
110,395
111,119
111,117
111,133
111,138
111,151
111,160
111,191
111,187
111,188
111,201
111,200
111,221
111,225
111,228
111,247
111,252
111,253
111,319
111,325
111,346
111,345
111,352
111,365
111,361
111,378
111,379
111,399
112,113
112,114
112,115
112,116
112,117
112,118
112,119
112,130
112,141
112,139
112,155
112,165
112,169
112,191
112,194
112,252
112,269
112,285
112,318
112,321
112,330
112,328
112,359
112,368
112,394
113,114
113,115
113,116
113,117
113,118
113,119
113,126
113,124
113,132
113,210
113,209
113,236
113,262
113,317
113,329
113,346
114,115
114,116
114,117
114,118
114,119
114,155
114,170
114,180
114,185
114,205
114,220
114,250
114,268
114,279
114,287
114,291
114,289
114,350
114,352
114,355
114,363
114,373
115,116
115,117
115,118
115,119
115,133
115,152
115,167
115,172
115,181
115,199
115,223
115,225
115,224
115,316
115,361
115,373
115,380
115,384
116,117
116,118
116,119
116,149
116,158
116,184
116,204
116,210
116,220
116,276
116,286
116,300
116,310
116,326
116,321
116,339
116,366
116,378
116,386
117,118
117,119
117,123
117,134
117,165
117,161
117,184
117,205
117,226
117,246
117,251
117,267
117,279
117,320
117,356
117,361
117,390
117,394
118,119
118,148
118,174
118,179
118,196
118,198
118,222
118,228
118,234
118,233
118,241
118,243
118,258
118,257
118,264
118,288
118,292
118,298
118,308
118,306
118,305
118,313
118,330
118,336
118,346
118,350
118,372
118,381
118,395
119,141
119,140
119,146
119,145
119,206
119,212
119,235
119,241
119,255
119,263
119,276
119,302
119,339
119,342
119,376
119,399
120,121
120,122
120,123
120,124
120,125
120,126
120,127
120,128
120,166
120,178
120,181
120,210
120,216
120,250
120,316
120,323
120,335
120,353
120,375
120,383
121,122
121,123
121,124
121,125
121,126
121,127
121,140
121,157
121,221
121,277
121,285
121,282
121,298
121,305
121,306
121,307
121,323
121,326
121,341
121,340
121,348
121,353
121,355
121,360
122,123
122,124
122,125
122,126
122,127
122,131
122,154
122,156
122,197
122,211
122,213
122,224
122,247
122,252
122,268
122,279
122,280
122,301
122,311
122,316
122,349
122,365
122,397
123,124
123,125
123,126
123,127
123,135
123,140
123,159
123,205
123,235
123,301
123,315
123,398
124,125
124,126
124,127
124,151
124,185
124,187
124,197
124,204
124,201
124,212
124,235
124,260
124,271
124,272
124,288
124,292
124,321
124,336
124,353
124,372
124,371
124,388
124,396
125,126
125,127
125,136
125,145
125,167
125,168
125,169
125,182
125,194
125,230
125,260
125,263
125,283
125,332
125,328
125,351
125,362
125,365
125,383
126,127
126,136
126,172
126,174
126,184
126,198
126,222
126,228
126,236
126,233
126,241
126,240
126,251
126,253
126,257
126,266
126,383
126,389
126,388
126,391
126,399
127,133
127,147
127,145
127,167
127,160
127,189
127,206
127,222
127,230
127,240
127,265
127,277
127,294
127,290
127,298
127,313
127,332
127,343
127,349
127,370
127,378
128,129
128,130
128,131
128,132
128,133
128,134
128,135
128,160
128,174
128,198
128,234
128,243
128,254
128,265
128,312
128,316
128,318
128,328
128,356
128,359
128,365
129,130
129,131
129,132
129,133
129,134
129,135
129,138
129,137
129,149
129,175
129,203
129,204
129,215
129,208
129,216
129,230
129,244
129,297
129,311
129,326
129,334
129,337
129,354
129,367
129,373
129,376
129,388
130,131
130,132
130,133
130,134
130,135
130,149
130,154
130,155
130,157
130,164
130,182
130,181
130,205
130,285
130,309
130,335
130,336
130,351
130,375
130,369
130,382
130,385
131,132
131,133
131,134
131,135
131,156
131,190
131,228
131,262
131,282
131,333
131,340
131,351
132,133
132,134
132,135
132,163
132,170
132,181
132,187
132,192
132,221
132,240
132,255
132,262
132,278
132,279
132,294
132,306
132,327
132,344
132,351
132,360
132,376
132,393
133,134
133,135
133,143
133,147
133,149
133,172
133,199
133,211
133,226
133,249
133,254
133,257
133,266
133,270
133,274
133,285
133,293
133,296
133,312
133,338
133,362
133,384
134,135
134,160
134,177
134,185
134,187
134,212
134,216
134,221
134,235
134,232
134,247
134,265
134,283
134,295
134,303
134,300
134,324
134,327
134,395
135,140
135,196
135,205
135,238
135,257
135,275
135,290
135,311
135,358
135,368
135,381
135,387
135,395
135,399
136,137
136,138
136,139
136,140
136,141
136,142
136,143
136,180
136,188
136,202
136,214
136,242
136,256
136,269
136,273
136,272
136,299
136,301
136,306
136,318
136,315
136,312
136,325
136,335
136,340
136,352
136,361
136,385
136,396
137,138
137,139
137,140
137,141
137,142
137,143
137,152
137,162
137,174
137,193
137,220
137,227
137,234
137,250
137,257
137,282
137,326
137,327
137,351
137,366
137,373
137,381
137,379
137,377
137,386
137,393
137,397
138,139
138,140
138,141
138,142
138,143
138,145
138,154
138,164
138,171
138,168
138,189
138,190
138,205
138,226
138,224
138,246
139,140
139,141
139,142
139,143
139,154
139,160
139,179
139,199
139,198
139,220
139,233
139,234
139,262
139,269
139,286
139,294
139,295
139,319
139,329
139,332
139,348
139,371
140,141
140,142
140,143
140,178
140,197
140,215
140,214
140,224
140,255
140,279
140,286
140,299
140,306
140,342
140,348
140,359
140,360
140,364
140,379
140,398
141,142
141,143
141,180
141,186
141,206
141,250
141,260
141,266
141,277
141,303
141,309
141,374
141,384
142,143
142,148
142,152
142,164
142,219
142,240
142,249
142,354
142,384
143,149
143,146
143,172
143,201
143,208
143,216
143,235
143,240
143,264
143,283
143,291
143,308
143,323
143,332
143,338
143,343
143,345
143,352
143,371
144,145
144,146
144,147
144,148
144,149
144,150
144,151
144,157
144,171
144,195
144,201
144,214
144,217
144,227
144,243
144,275
144,277
144,273
144,295
144,307
144,319
144,316
144,326
144,338
144,351
144,353
144,399
145,146
145,147
145,148
145,149
145,150
145,151
145,154
145,170
145,187
145,243
145,247
145,255
145,256
145,287
145,319
145,345
145,364
145,376
145,380
145,385
146,147
146,148
146,149
146,150
146,151
146,171
146,187
146,207
146,229
146,226
146,232
146,233
146,239
146,306
146,316
146,327
146,341
146,351
146,374
146,386
146,394
147,148
147,149
147,150
147,151
147,157
147,161
147,180
147,204
147,209
147,220
147,260
147,286
147,310
147,347
148,149
148,150
148,151
148,175
148,182
148,176
148,195
148,208
148,255
148,258
148,295
148,334
148,336
148,367
148,372
148,392
149,150
149,151
149,154
149,164
149,196
149,225
149,263
149,268
149,264
149,285
149,301
149,299
149,329
149,338
149,374
149,379
149,385
150,151
150,166
150,161
150,180
150,189
150,185
150,197
150,207
150,222
150,253
150,294
150,289
150,297
150,327
150,335
150,332
150,358
150,361
150,381
150,384
150,398
151,213
151,221
151,236
151,250
151,270
151,297
151,305
151,320
151,357
151,354
151,366
151,372
152,153
152,154
152,155
152,156
152,157
152,158
152,159
152,188
152,198
152,200
152,214
152,217
152,227
152,235
152,246
152,243
152,261
152,275
152,299
152,304
152,324
152,334
152,351
152,344
152,361
153,154
153,155
153,156
153,157
153,158
153,159
153,164
153,167
153,182
153,193
153,202
153,216
153,244
153,254
153,295
153,337
153,336
153,355
153,373
153,382
153,385
153,384
154,155
154,156
154,157
154,158
154,159
154,166
154,170
154,184
154,200
154,211
154,224
154,228
154,237
154,254
154,294
154,300
154,302
154,312
154,318
154,328
154,359
154,394
155,156
155,157
155,158
155,159
155,221
155,237
155,274
155,291
155,288
155,318
155,325
155,341
155,365
155,386
155,397
156,157
156,158
156,159
156,161
156,173
156,176
156,188
156,213
156,247
156,262
156,271
156,266
156,283
156,308
156,306
156,324
156,345
156,382
156,381
156,397
157,158
157,159
157,204
157,214
157,219
157,231
157,237
157,262
157,284
157,328
157,330
157,337
157,355
157,352
157,363
157,364
157,375
157,369
157,391
158,159
158,169
158,177
158,178
158,188
158,192
158,255
158,268
158,284
158,317
158,325
158,371
158,379
158,392
159,171
159,251
159,265
159,275
159,272
159,283
159,296
159,306
159,345
160,161
160,162
160,163
160,164
160,165
160,166
160,167
160,230
160,234
160,243
160,254
160,260
160,256
160,292
160,301
160,349
160,348
160,359
160,360
160,374
160,390
161,162
161,163
161,164
161,165
161,166
161,167
161,170
161,169
161,189
161,188
161,236
161,233
161,242
161,274
161,291
161,332
161,365
161,396
161,394
162,163
162,164
162,165
162,166
162,167
162,186
162,213
162,211
162,256
162,266
162,278
162,280
162,307
162,316
162,382
162,388
163,164
163,165
163,166
163,167
163,182
163,197
163,308
163,323
163,349
163,350
163,354
163,361
163,379
163,385
164,165
164,166
164,167
164,194
164,217
164,219
164,236
164,269
164,308
164,309
164,319
164,316
164,325
164,328
164,352
164,353
164,374
164,390
165,166
165,167
165,169
165,181
165,206
165,230
165,247
165,251
165,260
165,270
165,265
165,284
165,281
165,299
165,326
165,332
165,338
165,343
165,336
165,367
165,375
165,376
166,167
166,171
166,182
166,196
166,202
166,210
166,208
166,220
166,227
166,224
166,242
166,250
166,254
166,278
166,273
166,280
166,317
166,370
166,399
166,398
167,184
167,193
167,202
167,222
167,288
167,289
167,323
167,334
167,339
167,378
168,169
168,170
168,171
168,172
168,173
168,174
168,175
168,188
168,191
168,185
168,193
168,207
168,221
168,257
168,259
168,267
168,282
168,305
168,327
168,331
168,355
168,363
168,375
168,372
168,399
169,170
169,171
169,172
169,173
169,174
169,175
169,177
169,203
169,210
169,213
169,221
169,261
169,275
169,277
169,284
169,324
169,333
169,352
169,358
170,171
170,172
170,173
170,174
170,175
170,178
170,197
170,224
170,236
170,269
170,291
170,310
170,343
170,364
170,377
171,172
171,173
171,174
171,175
171,195
171,207
171,211
171,229
171,230
171,233
171,242
171,254
171,256
171,279
171,294
171,310
171,314
171,315
171,321
171,334
171,338
171,366
171,385
172,173
172,174
172,175
172,181
172,188
172,235
172,247
172,273
172,298
172,306
172,344
172,391
173,174
173,175
173,205
173,217
173,251
173,268
173,283
173,287
173,295
173,296
173,317
173,320
173,358
173,370
174,175
174,197
174,229
174,252
174,288
174,299
174,300
174,351
174,361
174,377
174,381
174,388
174,399
175,181
175,211
175,223
175,232
175,247
175,246
175,252
175,264
175,313
175,331
175,340
175,343
175,347
175,344
175,381
175,388
175,399
176,177
176,178
176,179
176,180
176,181
176,182
176,183
176,214
176,251
176,291
176,307
176,336
176,343
176,358
176,362
176,380
176,399
176,394
177,178
177,179
177,180
177,181
177,182
177,183
177,187
177,205
177,273
177,297
177,326
177,348
178,179
178,180
178,181
178,182
178,183
178,190
178,209
178,212
178,219
178,226
178,224
178,239
178,241
178,259
178,274
178,282
178,293
178,303
178,312
178,315
178,385
178,399
179,180
179,181
179,182
179,183
179,207
179,230
179,253
179,256
179,309
179,307
179,317
179,329
179,348
179,358
179,374
179,375
179,388
180,181
180,182
180,183
180,184
180,198
180,205
180,215
180,221
180,232
180,252
180,270
180,266
180,275
180,287
180,370
180,390
181,182
181,183
181,190
181,197
181,200
181,219
181,221
181,246
181,266
181,325
181,323
181,342
181,348
181,359
181,361
181,383
181,390
181,393
182,183
182,197
182,236
182,256
182,269
182,278
182,287
182,291
182,313
182,353
182,361
182,362
182,378
183,195
183,238
183,246
183,242
183,252
183,263
183,284
183,290
183,301
183,299
183,310
183,322
183,335
183,334
183,328
183,341
183,378
184,185
184,186
184,187
184,188
184,189
184,190
184,191
184,193
184,207
184,240
184,257
184,261
184,270
184,282
184,373
185,186
185,187
185,188
185,189
185,190
185,191
185,213
185,216
185,235
185,244
185,303
185,299
185,304
185,315
185,320
185,332
185,354
185,367
185,373
185,368
185,378
185,395
186,187
186,188
186,189
186,190
186,191
186,198
186,202
186,220
186,222
186,230
186,278
186,327
186,340
186,346
186,358
186,360
186,375
187,188
187,189
187,190
187,191
187,197
187,213
187,238
187,244
187,252
187,265
187,277
187,290
187,306
187,329
187,336
187,345
187,348
187,389
187,385
188,189
188,190
188,191
188,194
188,208
188,225
188,229
188,248
188,311
188,317
188,322
188,333
188,349
188,353
188,360
188,367
188,386
189,190
189,191
189,223
189,237
189,239
189,255
189,264
189,272
189,281
189,287
189,280
189,319
189,332
189,356
189,381
189,377
189,392
189,398
190,191
190,205
190,231
190,252
190,261
190,276
190,295
190,293
190,296
190,305
190,320
190,341
190,378
190,395
191,207
191,211
191,241
191,258
191,291
191,302
191,319
191,338
191,384
192,193
192,194
192,195
192,196
192,197
192,198
192,199
192,207
192,214
192,231
192,260
192,279
192,282
192,294
192,318
192,334
192,356
192,389
192,390
193,194
193,195
193,196
193,197
193,198
193,199
193,202
193,215
193,238
193,267
193,278
193,282
193,291
193,302
193,309
193,314
193,346
193,355
193,363
193,370
193,394
194,195
194,196
194,197
194,198
194,199
194,263
194,275
194,293
194,305
194,309
194,311
194,323
194,329
194,342
194,336
194,352
194,364
194,368
194,373
194,382
195,196
195,197
195,198
195,199
195,242
195,252
195,254
195,248
195,257
195,278
195,301
195,302
195,319
195,322
195,332
195,382
195,381
196,197
196,198
196,199
196,231
196,233
196,247
196,256
196,271
196,301
196,318
196,320
196,336
196,398
197,198
197,199
197,203
197,217
197,231
197,238
197,281
197,320
197,330
197,342
197,348
197,366
197,391
197,386
197,399
198,199
198,208
198,213
198,219
198,222
198,224
198,233
198,265
198,270
198,291
198,345
198,350
198,356
198,364
198,376
199,206
199,219
199,243
199,246
199,285
199,372
199,399
200,201
200,202
200,203
200,204
200,205
200,206
200,207
200,240
200,256
200,274
200,299
200,340
200,363
200,372
200,373
200,379
200,386
200,399
200,396
200,398
201,202
201,203
201,204
201,205
201,206
201,207
201,218
201,223
201,230
201,251
201,256
201,264
201,287
201,286
201,280
201,294
201,298
201,325
201,376
201,388
202,203
202,204
202,205
202,206
202,207
202,208
202,223
202,218
202,237
202,254
202,260
202,266
202,291
202,304
202,320
202,331
202,389
203,204
203,205
203,206
203,207
203,209
203,237
203,244
203,277
203,284
203,301
203,304
203,315
203,328
203,349
203,354
203,357
203,371
204,205
204,206
204,207
204,238
204,248
204,264
204,267
204,308
204,319
204,329
204,361
204,398
205,206
205,207
205,210
205,228
205,296
205,317
205,320
205,336
206,207
206,214
206,224
206,240
206,256
206,277
206,291
206,328
206,351
206,367
206,375
206,378
207,229
207,233
207,243
207,255
207,275
207,294
207,316
207,323
207,336
207,339
207,345
207,349
207,358
207,359
207,367
207,377
207,390
208,209
208,210
208,211
208,212
208,213
208,214
208,215
208,233
208,240
208,244
208,253
208,270
208,285
208,295
208,303
208,306
208,323
208,325
208,354
208,359
208,361
208,372
208,390
209,210
209,211
209,212
209,213
209,214
209,215
209,223
209,230
209,269
209,273
209,280
209,285
209,303
209,307
209,333
209,358
209,372
209,369
209,397
210,211
210,212
210,213
210,214
210,215
210,222
210,216
210,231
210,277
210,290
210,295
210,302
210,306
210,313
210,318
210,322
210,332
210,329
210,343
210,365
210,376
211,212
211,213
211,214
211,215
211,231
211,249
211,252
211,275
211,318
211,324
211,344
211,350
212,213
212,214
212,215
212,256
212,268
212,279
212,297
212,314
212,354
212,364
212,361
212,382
212,399
213,214
213,215
213,234
213,243
213,247
213,338
213,350
213,373
213,386
214,215
214,228
214,250
214,259
214,260
214,269
214,282
214,294
214,306
214,348
214,376
214,384
215,223
215,237
215,234
215,332
215,339
215,341
215,382
215,390
215,396
216,217
216,218
216,219
216,220
216,221
216,222
216,223
216,230
216,246
216,266
216,272
216,280
216,299
216,336
216,359
216,390
216,395
217,218
217,219
217,220
217,221
217,222
217,223
217,239
217,248
217,278
217,288
217,307
217,322
217,365
217,379
218,219
218,220
218,221
218,222
218,223
218,237
218,269
218,285
218,291
218,301
218,326
218,320
218,348
218,351
218,370
218,381
218,387
218,395
219,220
219,221
219,222
219,223
219,228
219,226
219,253
219,250
219,264
219,276
219,301
219,318
219,331
219,363
220,221
220,222
220,223
220,241
220,248
220,256
220,292
220,313
220,326
220,329
220,340
220,337
220,355
220,377
220,398
221,222
221,223
221,236
221,263
221,264
221,333
221,365
221,372
221,368
221,386
221,395
222,223
222,241
222,260
222,284
222,294
222,347
222,354
222,371
222,388
223,226
223,237
223,245
223,258
223,275
223,281
223,303
223,304
223,308
223,307
223,313
223,314
223,337
223,351
223,356
223,364
223,379
224,225
224,226
224,227
224,228
224,229
224,230
224,231
224,240
224,251
224,288
224,348
224,358
224,372
224,378
224,388
225,226
225,227
225,228
225,229
225,230
225,231
225,232
225,245
225,264
225,277
225,328
225,367
226,227
226,228
226,229
226,230
226,231
226,241
226,270
226,294
226,302
226,297
226,318
226,319
226,324
226,331
226,340
226,344
226,387
226,392
226,396
226,399
227,228
227,229
227,230
227,231
227,235
227,253
227,272
227,286
227,283
227,288
227,307
227,317
227,324
227,338
227,337
227,383
228,229
228,230
228,231
228,270
228,278
228,296
228,324
228,329
228,338
228,362
228,364
228,375
228,382
228,380
228,386
229,230
229,231
229,233
229,239
229,259
229,263
229,266
229,283
229,282
229,304
229,319
229,334
229,349
229,352
230,231
230,254
230,262
230,278
230,289
230,357
230,398
231,242
231,258
231,303
231,309
231,307
231,325
231,350
231,356
231,361
231,372
231,375
231,385
232,233
232,234
232,235
232,236
232,237
232,238
232,239
232,248
232,256
232,273
232,274
232,325
232,333
232,330
232,360
232,362
232,373
232,368
233,234
233,235
233,236
233,237
233,238
233,239
233,246
233,242
233,252
233,287
233,295
233,298
233,340
233,359
233,380
233,388
233,395
234,235
234,236
234,237
234,238
234,239
234,261
234,267
234,279
234,285
234,291
234,320
234,344
234,371
234,396
235,236
235,237
235,238
235,239
235,240
235,248
235,311
235,323
235,357
235,365
236,237
236,238
236,239
236,268
236,283
236,287
236,303
236,304
236,326
236,335
236,347
236,349
236,373
236,386
236,392
237,238
237,239
237,253
237,256
237,274
237,303
237,319
237,343
237,346
237,353
237,364
237,382
237,383
237,391
237,399
238,239
238,242
238,270
238,292
238,289
238,308
238,306
238,328
238,339
238,377
238,388
239,261
239,266
239,300
239,314
239,313
239,317
239,341
239,357
240,241
240,242
240,243
240,244
240,245
240,246
240,247
240,265
240,271
240,289
240,295
240,292
240,311
240,306
240,309
240,318
240,332
240,337
240,344
240,355
240,370
240,372
240,380
241,242
241,243
241,244
241,245
241,246
241,247
241,260
241,257
241,298
241,328
241,349
241,360
241,383
241,392
242,243
242,244
242,245
242,246
242,247
242,251
242,276
242,279
242,284
242,338
242,364
243,244
243,245
243,246
243,247
243,249
243,254
243,278
243,287
243,303
244,245
244,246
244,247
244,261
244,269
244,303
244,298
244,311
244,351
244,353
244,365
244,382
244,386
244,399
244,393
245,246
245,247
245,251
245,267
245,284
245,335
245,336
245,339
245,345
245,354
245,368
246,247
246,262
246,276
246,314
246,325
246,322
246,359
246,367
246,369
246,377
246,384
247,281
247,290
247,317
247,318
247,322
247,325
247,335
247,389
247,390
248,249
248,250
248,251
248,252
248,253
248,254
248,255
248,256
248,262
248,264
248,308
248,340
248,348
248,344
248,361
248,381
248,386
248,392
249,250
249,251
249,252
249,253
249,254
249,255
249,256
249,273
249,289
249,300
249,308
249,318
249,328
249,352
249,356
249,360
249,366
249,371
249,378
249,388
249,399
250,251
250,252
250,253
250,254
250,255
250,281
250,296
250,331
250,356
250,382
251,252
251,253
251,254
251,255
251,272
251,278
251,282
251,292
251,318
251,312
251,339
251,337
251,352
251,369
252,253
252,254
252,255
252,304
252,324
252,322
252,340
252,344
252,398
253,254
253,255
253,265
253,267
253,276
253,288
253,309
253,335
253,388
254,255
254,297
254,319
254,325
254,362
254,371
254,388
254,392
255,263
255,265
255,284
255,283
255,294
255,299
255,323
255,331
255,350
255,371
256,257
256,258
256,259
256,260
256,261
256,262
256,263
256,264
256,297
256,319
256,313
256,352
256,393
257,258
257,259
257,260
257,261
257,262
257,263
257,273
257,282
257,280
257,284
257,310
257,327
257,345
257,354
257,358
257,356
257,366
257,363
257,388
258,259
258,260
258,261
258,262
258,263
258,265
258,306
258,332
258,338
258,351
259,260
259,261
259,262
259,263
259,273
259,288
259,309
259,320
259,335
259,342
259,373
259,392
260,261
260,262
260,263
260,270
260,319
260,322
260,328
260,348
260,373
260,374
260,380
260,390
260,398
261,262
261,263
261,278
261,295
261,292
261,296
261,315
261,325
261,340
261,381
262,263
262,268
262,279
262,289
262,300
262,305
262,332
262,342
262,349
262,367
262,389
262,397
263,370
263,382
263,378
264,265
264,266
264,267
264,268
264,269
264,270
264,271
264,291
264,298
264,302
264,362
264,361
265,266
265,267
265,268
265,269
265,270
265,271
265,305
265,317
265,321
265,331
265,330
265,355
265,361
265,374
265,379
265,391
265,396
266,267
266,268
266,269
266,270
266,271
266,280
266,291
266,346
266,344
266,391
266,397
267,268
267,269
267,270
267,271
267,274
267,286
267,291
267,318
267,326
267,337
267,341
267,349
267,357
267,371
267,374
267,391
268,269
268,270
268,271
268,274
268,280
268,299
268,309
268,317
268,324
268,342
268,349
269,270
269,271
269,272
269,300
269,323
269,342
269,366
269,380
270,271
270,283
270,335
270,334
270,377
270,396
270,395
271,278
271,294
271,306
271,313
271,356
271,352
271,370
271,383
271,387
272,273
272,274
272,275
272,276
272,277
272,278
272,279
272,313
272,325
272,372
272,379
272,388
273,274
273,275
273,276
273,277
273,278
273,279
273,286
273,289
273,314
273,353
273,361
273,367
273,386
274,275
274,276
274,277
274,278
274,279
274,297
274,302
274,306
274,325
274,356
274,369
274,374
274,376
275,276
275,277
275,278
275,279
275,287
275,304
275,324
275,336
275,380
275,383
275,386
276,277
276,278
276,279
276,290
276,299
276,308
276,326
276,343
276,341
276,368
276,384
277,278
277,279
277,284
277,280
277,295
277,317
277,313
277,347
277,348
277,351
277,354
277,367
277,393
278,279
278,300
278,329
278,346
278,362
278,394
278,392
279,291
279,330
279,334
279,328
279,337
279,357
279,395
280,281
280,282
280,283
280,284
280,285
280,286
280,287
280,297
280,331
280,334
280,366
280,360
280,374
280,373
280,393
281,282
281,283
281,284
281,285
281,286
281,287
281,290
281,312
281,317
281,319
281,320
281,337
281,348
281,346
281,356
281,383
281,386
281,392
282,283
282,284
282,285
282,286
282,287
282,289
282,390
282,394
283,284
283,285
283,286
283,287
283,291
283,326
283,338
283,357
283,352
283,377
284,285
284,286
284,287
284,299
284,296
284,310
284,316
284,340
284,372
284,379
284,377
284,388
285,286
285,287
285,309
285,322
285,330
285,337
286,287
286,289
286,308
286,320
286,345
286,344
286,361
286,362
286,371
286,389
286,395
287,302
287,311
287,334
287,355
288,289
288,290
288,291
288,292
288,293
288,294
288,295
288,300
288,322
288,342
288,348
288,349
288,366
288,368
289,290
289,291
289,292
289,293
289,294
289,295
289,301
289,319
289,350
289,355
289,383
289,382
289,394
290,291
290,292
290,293
290,294
290,295
290,319
290,323
290,330
290,340
290,375
291,292
291,293
291,294
291,295
291,307
291,312
291,324
291,334
291,361
291,370
291,389
292,293
292,294
292,295
292,324
292,331
292,352
292,374
293,294
293,295
293,296
293,341
293,359
293,363
293,364
293,397
293,399
294,295
294,302
294,313
294,343
294,354
294,387
295,305
295,307
295,306
295,333
295,351
295,383
295,378
295,391
295,388
295,398
296,297
296,298
296,299
296,300
296,301
296,302
296,303
296,345
296,360
296,366
296,398
296,395
297,298
297,299
297,300
297,301
297,302
297,303
297,304
297,344
297,377
297,386
298,299
298,300
298,301
298,302
298,303
298,311
298,350
298,345
298,354
298,398
299,300
299,301
299,302
299,303
299,304
299,317
299,328
299,333
299,340
299,357
300,301
300,302
300,303
300,319
300,324
300,359
300,366
300,360
300,372
300,386
300,397
301,302
301,303
301,316
301,339
301,354
301,383
302,303
302,314
302,322
302,329
302,341
302,369
303,306
303,322
303,325
303,331
303,341
303,368
303,371
303,380
303,385
304,305
304,306
304,307
304,308
304,309
304,310
304,311
304,318
304,327
304,355
304,353
304,352
304,371
304,383
304,390
304,395
305,306
305,307
305,308
305,309
305,310
305,311
305,328
305,342
305,362
305,371
305,379
305,384
305,385
305,396
305,395
306,307
306,308
306,309
306,310
306,311
306,315
306,324
306,332
306,342
306,348
306,351
306,355
306,367
306,376
306,395
307,308
307,309
307,310
307,311
308,309
308,310
308,311
308,312
308,324
308,329
308,342
308,349
309,310
309,311
309,343
309,377
309,387
310,311
310,316
310,321
310,328
310,361
311,351
311,360
311,375
311,370
312,313
312,314
312,315
312,316
312,317
312,318
312,319
312,322
312,348
312,344
312,375
312,399
312,397
313,314
313,315
313,316
313,317
313,318
313,319
313,352
313,357
313,364
313,371
314,315
314,316
314,317
314,318
314,319
314,330
314,340
314,363
314,388
314,399
315,316
315,317
315,318
315,319
315,322
315,354
315,373
315,378
316,317
316,318
316,319
316,333
316,338
316,362
317,318
317,319
317,347
317,359
317,374
317,383
317,379
317,389
317,385
318,319
318,323
318,320
318,330
318,335
318,342
318,351
318,387
318,392
319,336
319,361
320,321
320,322
320,323
320,324
320,325
320,326
320,327
320,331
320,351
320,358
320,364
320,391
320,396
321,322
321,323
321,324
321,325
321,326
321,327
321,342
321,369
322,323
322,324
322,325
322,326
322,327
322,351
322,353
322,361
322,383
322,388
323,324
323,325
323,326
323,327
323,349
323,344
323,355
323,369
323,380
324,325
324,326
324,327
324,334
324,340
324,381
324,380
325,326
325,327
325,369
325,386
325,399
325,396
326,327
326,333
326,332
326,339
326,362
326,365
326,368
326,391
326,397
327,339
327,358
328,329
328,330
328,331
328,332
328,333
328,334
328,335
328,338
328,350
328,386
329,330
329,331
329,332
329,333
329,334
329,335
329,357
329,374
329,372
329,396
330,331
330,332
330,333
330,334
330,335
330,340
330,339
330,347
330,354
331,332
331,333
331,334
331,335
331,349
331,348
331,361
331,382
331,389
332,333
332,334
332,335
332,379
332,398
333,334
333,335
333,340
333,370
334,335
334,367
334,366
334,377
335,354
335,365
335,373
335,379
335,386
335,387
335,392
336,337
336,338
336,339
336,340
336,341
336,342
336,343
336,382
337,338
337,339
337,340
337,341
337,342
337,343
337,357
337,354
337,374
337,371
338,339
338,340
338,341
338,342
338,343
338,345
339,340
339,341
339,342
339,343
339,350
339,360
339,375
339,379
339,398
340,341
340,342
340,343
340,353
340,391
340,393
341,342
341,343
341,346
341,367
341,371
341,386
341,387
341,399
342,343
342,345
342,360
343,359
343,381
343,376
344,345
344,346
344,347
344,348
344,349
344,350
344,351
344,380
345,346
345,347
345,348
345,349
345,350
345,351
345,365
345,375
345,376
345,391
345,399
346,347
346,348
346,349
346,350
346,351
346,354
346,366
346,365
346,379
346,390
346,388
347,348
347,349
347,350
347,351
347,379
347,388
348,349
348,350
348,351
348,353
348,367
348,373
349,350
349,351
349,356
349,372
350,351
350,370
350,399
351,357
351,397
351,398
352,353
352,354
352,355
352,356
352,357
352,358
352,359
352,360
352,371
352,374
352,376
352,377
352,388
353,354
353,355
353,356
353,357
353,358
353,359
353,380
354,355
354,356
354,357
354,358
354,359
354,389
354,392
355,356
355,357
355,358
355,359
355,374
355,382
356,357
356,358
356,359
356,396
357,358
357,359
357,374
357,386
358,359
358,362
358,390
358,396
359,367
359,398
360,361
360,362
360,363
360,364
360,365
360,366
360,367
360,373
360,392
360,398
361,362
361,363
361,364
361,365
361,366
361,367
361,382
361,384
362,363
362,364
362,365
362,366
362,367
362,376
363,364
363,365
363,366
363,367
363,375
363,386
363,393
363,395
364,365
364,366
364,367
364,368
364,383
365,366
365,367
365,386
365,389
366,367
366,374
367,382
368,369
368,370
368,371
368,372
368,373
368,374
368,375
368,398
369,370
369,371
369,372
369,373
369,374
369,375
370,371
370,372
370,373
370,374
370,375
370,397
371,372
371,373
371,374
371,375
371,391
371,395
372,373
372,374
372,375
372,378
372,383
372,392
373,374
373,375
373,380
373,388
373,391
374,375
374,391
375,382
376,377
376,378
376,379
376,380
376,381
376,382
376,383
376,390
377,378
377,379
377,380
377,381
377,382
377,383
378,379
378,380
378,381
378,382
378,383
378,390
379,380
379,381
379,382
379,383
380,381
380,382
380,383
380,395
381,382
381,383
381,394
381,396
381,392
382,383
383,387
383,390
384,385
384,386
384,387
384,388
384,389
384,390
384,391
384,399
385,386
385,387
385,388
385,389
385,390
385,391
385,399
386,387
386,388
386,389
386,390
386,391
387,388
387,389
387,390
387,391
388,389
388,390
388,391
389,390
389,391
390,391
391,392
391,395
392,393
392,394
392,395
392,396
392,397
392,398
392,399
393,394
393,395
393,396
393,397
393,398
393,399
394,395
394,396
394,397
394,398
394,399
395,396
395,397
395,398
395,399
396,397
396,398
396,399
397,398
397,399
398,399
