# grafo generado automáticamente para TP3
0,1
0,2
0,3
0,4
0,5
0,6
0,20
0,24
0,35
0,41
0,42
0,50
0,49
0,63
0,71
0,72
0,94
0,91
0,101
0,98
0,99
0,104
0,110
0,133
0,151
0,154
0,174
0,184
0,194
0,205
0,207
0,211
0,224
0,234
0,237
0,273
0,287
0,299
0,300
0,301
0,303
0,317
0,325
0,328
0,322
0,340
0,346
0,344
0,353
0,352
0,391
0,398
0,405
0,411
0,412
1,2
1,3
1,4
1,5
1,6
1,8
1,13
1,26
1,30
1,36
1,49
1,57
1,60
1,64
1,85
1,97
1,98
1,125
1,126
1,191
1,198
1,212
1,225
1,234
1,238
1,258
1,256
1,259
1,271
1,270
1,274
1,289
1,292
1,296
1,294
1,297
1,301
1,324
1,322
1,341
1,345
1,348
1,364
1,379
1,378
1,386
1,385
1,409
1,407
1,413
2,3
2,4
2,5
2,6
2,15
2,47
2,42
2,74
2,95
2,108
2,116
2,120
2,124
2,135
2,141
2,153
2,154
2,173
2,176
2,186
2,183
2,196
2,207
2,234
2,243
2,251
2,263
2,268
2,267
2,287
2,303
2,311
2,329
2,330
2,336
2,354
2,357
2,363
2,364
2,370
2,375
2,371
2,374
2,403
2,405
2,418
3,4
3,5
3,6
3,22
3,25
3,34
3,39
3,55
3,56
3,66
3,75
3,81
3,88
3,91
3,109
3,114
3,113
3,126
3,132
3,143
3,152
3,153
3,154
3,161
3,172
3,179
3,191
3,205
3,216
3,223
3,242
3,250
3,245
3,275
3,288
3,314
3,320
3,317
3,316
3,340
3,355
3,360
3,361
3,364
3,397
3,415
4,5
4,6
4,8
4,9
4,13
4,16
4,20
4,29
4,32
4,39
4,42
4,63
4,81
4,83
4,86
4,122
4,139
4,136
4,141
4,194
4,196
4,217
4,222
4,249
4,334
4,385
4,398
5,6
5,19
5,25
5,54
5,60
5,56
5,69
5,86
5,106
5,118
5,129
5,141
5,153
5,160
5,165
5,174
5,187
5,195
5,201
5,196
5,212
5,218
5,243
5,255
5,253
5,260
5,264
5,267
5,284
5,280
5,313
5,315
5,333
5,341
5,353
5,357
5,380
5,390
5,392
5,394
6,29
6,44
6,71
6,77
6,82
6,89
6,105
6,124
6,145
6,159
6,167
6,166
6,163
6,174
6,176
6,181
6,188
6,207
6,212
6,218
6,228
6,235
6,248
6,258
6,259
6,276
6,275
6,285
6,281
6,307
6,329
6,366
6,375
6,376
6,381
6,399
6,401
6,406
6,416
7,8
7,9
7,10
7,11
7,12
7,13
7,28
7,31
7,37
7,35
7,45
7,63
7,66
7,65
7,82
7,92
7,102
7,98
7,111
7,112
7,129
7,132
7,145
7,154
7,156
7,169
7,179
7,193
7,199
7,224
7,234
7,243
7,248
7,261
7,266
7,282
7,288
7,300
7,310
7,316
7,341
7,343
7,347
7,350
7,353
7,379
7,378
7,392
7,411
7,408
7,417
8,9
8,10
8,11
8,12
8,13
8,24
8,41
8,46
8,45
8,84
8,86
8,91
8,118
8,113
8,122
8,121
8,119
8,124
8,152
8,160
8,176
8,190
8,191
8,193
8,208
8,213
8,218
8,252
8,254
8,255
8,261
8,268
8,276
8,289
8,296
8,309
8,334
8,349
8,363
8,359
8,373
8,411
9,10
9,11
9,12
9,13
9,14
9,22
9,25
9,28
9,39
9,42
9,68
9,74
9,76
9,79
9,88
9,94
9,103
9,101
9,142
9,147
9,157
9,167
9,166
9,163
9,179
9,175
9,196
9,220
9,226
9,237
9,245
9,248
9,250
9,283
9,317
9,322
9,331
9,329
9,358
9,367
9,374
9,376
9,402
9,408
9,418
9,415
10,11
10,12
10,13
10,20
10,34
10,69
10,73
10,70
10,109
10,108
10,121
10,130
10,133
10,136
10,134
10,146
10,151
10,157
10,174
10,185
10,209
10,212
10,215
10,221
10,235
10,253
10,270
10,277
10,284
10,288
10,298
10,301
10,314
10,312
10,316
10,315
10,336
10,338
10,361
10,364
10,374
10,386
10,398
10,405
10,419
11,12
11,13
11,16
11,17
11,24
11,55
11,52
11,59
11,56
11,78
11,83
11,79
11,92
11,98
11,110
11,105
11,146
11,148
11,180
11,187
11,196
11,201
11,205
11,215
11,219
11,230
11,234
11,241
11,252
11,270
11,279
11,283
11,307
11,301
11,312
11,324
11,330
11,344
11,366
11,368
11,378
11,387
11,386
11,398
11,403
12,13
12,15
12,26
12,31
12,47
12,58
12,61
12,72
12,96
12,131
12,144
12,163
12,168
12,182
12,208
12,227
12,241
12,263
12,265
12,275
12,295
12,302
12,323
12,336
12,345
12,355
12,384
12,387
12,389
12,394
12,413
13,50
13,62
13,85
13,86
13,116
13,127
13,137
13,163
13,182
13,188
13,190
13,196
13,205
13,217
13,226
13,231
13,240
13,247
13,260
13,272
13,277
13,284
13,289
13,292
13,294
13,316
13,332
13,342
13,354
13,353
13,369
13,375
13,398
13,405
13,406
14,15
14,16
14,17
14,18
14,19
14,20
14,26
14,29
14,53
14,81
14,85
14,86
14,91
14,95
14,103
14,131
14,140
14,144
14,161
14,174
14,175
14,186
14,209
14,216
14,218
14,238
14,259
14,270
14,267
14,275
14,279
14,288
14,307
14,333
14,342
14,351
14,355
14,391
14,386
14,393
14,419
15,16
15,17
15,18
15,19
15,20
15,27
15,34
15,36
15,40
15,44
15,42
15,49
15,68
15,123
15,124
15,126
15,131
15,138
15,144
15,152
15,151
15,159
15,155
15,190
15,222
15,231
15,234
15,246
15,263
15,270
15,285
15,284
15,293
15,298
15,301
15,312
15,333
15,344
15,354
15,361
15,368
15,376
15,375
15,384
15,385
15,392
15,401
15,416
15,414
16,17
16,18
16,19
16,20
16,30
16,32
16,42
16,58
16,60
16,65
16,79
16,77
16,89
16,86
16,104
16,113
16,112
16,124
16,136
16,194
16,202
16,207
16,231
16,260
16,277
16,297
16,308
16,321
16,332
16,338
16,345
16,347
16,349
16,397
16,403
16,409
16,412
16,417
17,18
17,19
17,20
17,39
17,59
17,74
17,89
17,94
17,101
17,100
17,110
17,105
17,106
17,118
17,117
17,131
17,153
17,157
17,169
17,170
17,197
17,203
17,207
17,214
17,219
17,249
17,252
17,272
17,275
17,286
17,292
17,312
17,325
17,330
17,369
17,383
17,391
17,414
18,19
18,20
18,21
18,38
18,46
18,65
18,72
18,77
18,111
18,144
18,152
18,155
18,158
18,167
18,161
18,179
18,180
18,182
18,196
18,207
18,210
18,227
18,229
18,236
18,240
18,251
18,249
18,289
18,294
18,299
18,310
18,340
18,360
18,361
18,368
18,365
18,381
18,382
18,384
18,385
18,398
19,20
19,22
19,45
19,55
19,52
19,66
19,96
19,121
19,131
19,139
19,135
19,150
19,162
19,169
19,181
19,176
19,183
19,186
19,188
19,214
19,228
19,224
19,243
19,252
19,258
19,255
19,264
19,265
19,268
19,277
19,280
19,306
19,302
19,310
19,318
19,321
19,316
19,325
19,323
19,335
19,340
19,344
19,354
19,360
19,369
19,373
19,375
19,377
19,403
19,399
20,27
20,34
20,39
20,55
20,61
20,59
20,68
20,72
20,75
20,83
20,97
20,98
20,105
20,115
20,119
20,133
20,146
20,164
20,170
20,193
20,195
20,197
20,196
20,216
20,221
20,225
20,244
20,242
20,246
20,285
20,291
20,300
20,301
20,320
20,324
20,337
20,353
20,360
20,395
20,399
20,412
20,410
21,22
21,23
21,24
21,25
21,26
21,27
21,39
21,50
21,56
21,76
21,71
21,74
21,78
21,86
21,95
21,103
21,105
21,113
21,124
21,126
21,145
21,141
21,152
21,173
21,169
21,175
21,180
21,188
21,190
21,198
21,203
21,222
21,228
21,244
21,283
21,298
21,301
21,310
21,313
21,315
21,333
21,335
21,341
21,359
21,373
21,411
22,23
22,24
22,25
22,26
22,27
22,45
22,51
22,64
22,79
22,84
22,94
22,101
22,98
22,112
22,124
22,131
22,143
22,150
22,160
22,154
22,159
22,164
22,169
22,178
22,190
22,216
22,210
22,228
22,230
22,234
22,241
22,251
22,253
22,270
22,290
22,301
22,315
22,328
22,323
22,342
22,338
22,349
22,346
22,354
22,353
22,350
22,357
22,396
22,398
22,399
23,24
23,25
23,26
23,27
23,44
23,59
23,69
23,83
23,95
23,100
23,110
23,108
23,122
23,119
23,149
23,148
23,162
23,170
23,185
23,182
23,202
23,209
23,220
23,236
23,231
23,241
23,251
23,255
23,260
23,270
23,269
23,300
23,304
23,306
23,311
23,322
23,339
23,344
23,398
23,406
23,410
24,25
24,26
24,27
24,34
24,38
24,47
24,49
24,83
24,90
24,97
24,118
24,138
24,139
24,157
24,166
24,184
24,190
24,203
24,208
24,228
24,233
24,239
24,246
24,264
24,279
24,275
24,285
24,288
24,332
24,358
24,365
24,379
24,404
25,26
25,27
25,36
25,44
25,57
25,108
25,107
25,116
25,123
25,129
25,126
25,135
25,141
25,151
25,178
25,192
25,217
25,229
25,243
25,245
25,250
25,256
25,260
25,274
25,282
25,293
25,288
25,297
25,317
25,330
25,347
25,355
25,362
25,372
25,379
25,382
25,388
25,390
25,389
25,394
25,393
25,409
25,419
26,27
26,34
26,32
26,33
26,45
26,54
26,53
26,59
26,63
26,70
26,85
26,134
26,145
26,160
26,164
26,168
26,176
26,186
26,195
26,200
26,201
26,215
26,211
26,222
26,236
26,265
26,267
26,281
26,284
26,304
26,314
26,324
26,325
26,370
26,367
26,377
26,373
26,383
26,390
26,405
26,400
26,403
27,28
27,38
27,65
27,69
27,79
27,84
27,92
27,99
27,129
27,134
27,166
27,196
27,211
27,257
27,262
27,278
27,277
27,288
27,297
27,295
27,309
27,319
27,332
27,348
27,354
27,368
27,391
27,410
27,419
27,418
27,416
28,29
28,30
28,31
28,32
28,33
28,34
28,38
28,57
28,73
28,77
28,103
28,107
28,112
28,121
28,130
28,146
28,150
28,167
28,182
28,183
28,210
28,214
28,220
28,221
28,231
28,242
28,241
28,269
28,272
28,277
28,283
28,310
28,323
28,359
28,365
28,371
28,372
28,393
28,400
28,407
29,30
29,31
29,32
29,33
29,34
29,48
29,46
29,55
29,57
29,74
29,70
29,98
29,100
29,102
29,120
29,137
29,146
29,149
29,173
29,179
29,181
29,177
29,204
29,232
29,231
29,255
29,257
29,264
29,270
29,282
29,299
29,310
29,308
29,333
29,336
29,350
29,361
29,365
29,369
29,388
29,389
29,399
29,419
30,31
30,32
30,33
30,34
30,38
30,50
30,68
30,84
30,96
30,102
30,118
30,125
30,124
30,133
30,146
30,150
30,159
30,172
30,168
30,187
30,190
30,222
30,243
30,288
30,296
30,303
30,307
30,319
30,317
30,327
30,340
30,355
30,351
30,354
30,357
30,384
30,378
30,386
30,392
30,399
31,32
31,33
31,34
31,48
31,43
31,51
31,69
31,79
31,90
31,97
31,110
31,131
31,142
31,154
31,158
31,169
31,176
31,184
31,190
31,198
31,207
31,216
31,229
31,246
31,252
31,261
31,269
31,274
31,304
31,312
31,325
31,328
31,377
31,380
31,396
31,406
31,415
31,417
32,33
32,34
32,41
32,42
32,50
32,61
32,56
32,66
32,82
32,89
32,106
32,107
32,126
32,156
32,154
32,170
32,180
32,192
32,201
32,204
32,217
32,224
32,225
32,248
32,249
32,257
32,277
32,286
32,293
32,292
32,300
32,305
32,320
32,328
32,334
32,332
32,347
32,354
32,370
32,381
32,389
32,393
32,400
32,407
33,34
33,58
33,76
33,82
33,86
33,97
33,92
33,114
33,137
33,142
33,152
33,161
33,188
33,193
33,199
33,198
33,204
33,216
33,227
33,235
33,240
33,248
33,258
33,259
33,282
33,311
33,318
33,340
33,346
33,362
33,367
33,375
33,390
33,402
33,408
33,411
33,415
34,40
34,36
34,64
34,79
34,106
34,112
34,113
34,119
34,127
34,132
34,136
34,133
34,147
34,165
34,162
34,164
34,189
34,196
34,209
34,216
34,226
34,232
34,240
34,249
34,260
34,262
34,267
34,273
34,281
34,290
34,297
34,317
34,333
34,339
34,342
34,345
34,344
34,362
34,379
34,393
34,413
35,36
35,37
35,38
35,39
35,40
35,41
35,44
35,51
35,62
35,68
35,73
35,78
35,92
35,95
35,104
35,106
35,109
35,107
35,119
35,131
35,133
35,156
35,164
35,195
35,220
35,228
35,233
35,239
35,245
35,255
35,271
35,279
35,280
35,300
35,311
35,316
35,325
35,322
35,328
35,334
35,332
35,342
35,347
35,354
35,360
35,368
35,378
35,388
35,386
35,402
35,418
35,415
35,417
36,37
36,38
36,39
36,40
36,41
36,45
36,52
36,76
36,100
36,117
36,112
36,123
36,128
36,135
36,164
36,163
36,170
36,185
36,182
36,189
36,199
36,221
36,224
36,239
36,247
36,252
36,260
36,261
36,262
36,269
36,267
36,280
36,299
36,321
36,324
36,327
36,339
36,344
36,345
36,360
36,384
36,394
36,396
36,402
36,407
36,406
37,38
37,39
37,40
37,41
37,51
37,75
37,87
37,115
37,138
37,135
37,158
37,179
37,187
37,212
37,233
37,242
37,245
37,258
37,255
37,260
37,269
37,276
37,281
37,312
37,338
37,336
37,350
37,351
37,359
37,363
37,369
37,375
37,377
37,378
37,385
37,396
37,403
38,39
38,40
38,41
38,46
38,43
38,51
38,63
38,72
38,80
38,81
38,94
38,130
38,142
38,146
38,153
38,152
38,157
38,198
38,205
38,221
38,230
38,228
38,255
38,292
38,311
38,310
38,313
38,331
38,334
38,344
38,353
38,391
38,412
39,40
39,41
39,50
39,56
39,68
39,77
39,88
39,86
39,100
39,98
39,102
39,111
39,128
39,135
39,142
39,150
39,160
39,165
39,171
39,183
39,188
39,194
39,205
39,220
39,223
39,239
39,265
39,279
39,290
39,299
39,300
39,303
39,321
39,369
39,372
39,377
39,382
39,380
39,408
39,411
40,41
40,62
40,56
40,93
40,124
40,127
40,149
40,163
40,174
40,172
40,175
40,194
40,200
40,235
40,240
40,275
40,276
40,283
40,287
40,290
40,301
40,304
40,318
40,338
40,345
40,358
40,369
40,371
40,388
40,392
41,43
41,65
41,63
41,71
41,79
41,85
41,86
41,94
41,108
41,118
41,124
41,140
41,158
41,171
41,175
41,180
41,177
41,194
41,201
41,198
41,205
41,207
41,208
41,215
41,212
41,216
41,211
41,237
41,236
41,248
41,246
41,271
41,290
41,298
41,307
41,317
41,332
41,353
41,368
41,395
41,403
41,400
41,418
42,43
42,44
42,45
42,46
42,47
42,48
42,50
42,58
42,70
42,81
42,86
42,88
42,97
42,100
42,101
42,111
42,113
42,115
42,124
42,125
42,132
42,137
42,146
42,172
42,180
42,230
42,243
42,250
42,247
42,270
42,273
42,278
42,292
42,310
42,315
42,321
42,323
42,322
42,347
42,350
42,356
42,368
42,369
42,378
42,415
43,44
43,45
43,46
43,47
43,48
43,54
43,70
43,85
43,107
43,136
43,152
43,151
43,157
43,161
43,167
43,175
43,178
43,185
43,205
43,210
43,236
43,238
43,258
43,265
43,264
43,270
43,293
43,299
43,312
43,319
43,328
43,326
43,336
43,352
43,351
43,362
43,378
43,385
43,391
43,394
43,403
43,402
43,408
43,417
44,45
44,46
44,47
44,48
44,61
44,58
44,78
44,94
44,114
44,117
44,116
44,132
44,134
44,147
44,200
44,212
44,219
44,218
44,253
44,307
44,330
44,329
44,339
44,345
44,350
44,364
44,372
44,381
44,396
45,46
45,47
45,48
45,61
45,68
45,70
45,75
45,93
45,92
45,101
45,105
45,121
45,127
45,144
45,148
45,181
45,183
45,184
45,195
45,200
45,202
45,203
45,213
45,225
45,232
45,240
45,248
45,255
45,259
45,274
45,283
45,287
45,296
45,306
45,313
45,310
45,317
45,332
45,337
45,341
45,375
45,384
45,390
45,419
46,47
46,48
46,55
46,69
46,64
46,90
46,85
46,91
46,99
46,137
46,134
46,140
46,157
46,166
46,164
46,172
46,170
46,181
46,193
46,194
46,206
46,214
46,222
46,229
46,235
46,257
46,272
46,266
46,275
46,286
46,301
46,304
46,359
46,368
46,376
46,394
46,404
46,419
47,48
47,49
47,59
47,66
47,83
47,99
47,111
47,121
47,128
47,141
47,158
47,165
47,169
47,185
47,198
47,200
47,209
47,213
47,218
47,227
47,233
47,240
47,244
47,251
47,246
47,261
47,271
47,278
47,280
47,286
47,289
47,294
47,300
47,305
47,326
47,330
47,347
47,357
47,360
47,370
47,372
47,384
47,391
47,404
48,50
48,69
48,72
48,78
48,105
48,121
48,146
48,148
48,158
48,155
48,171
48,184
48,193
48,206
48,219
48,227
48,232
48,262
48,293
48,294
48,316
48,330
48,340
48,348
48,349
48,358
48,371
48,397
48,395
48,401
48,408
48,409
48,407
49,50
49,51
49,52
49,53
49,54
49,55
49,57
49,71
49,92
49,123
49,127
49,129
49,146
49,176
49,180
49,182
49,197
49,209
49,220
49,229
49,236
49,245
49,247
49,246
49,267
49,273
49,283
49,287
49,296
49,301
49,303
49,312
49,324
49,323
49,330
49,357
49,365
49,382
49,378
49,389
49,388
49,398
49,411
50,51
50,52
50,53
50,54
50,55
50,73
50,90
50,103
50,105
50,107
50,113
50,120
50,131
50,147
50,164
50,165
50,184
50,183
50,197
50,216
50,222
50,239
50,258
50,259
50,266
50,279
50,312
50,317
50,325
50,360
50,358
50,375
50,381
50,387
50,398
50,407
50,416
50,414
50,415
51,52
51,53
51,54
51,55
51,56
51,59
51,64
51,108
51,122
51,145
51,152
51,159
51,155
51,166
51,164
51,172
51,183
51,191
51,192
51,208
51,212
51,229
51,235
51,237
51,239
51,246
51,264
51,284
51,314
51,323
51,334
51,342
51,341
51,349
51,371
51,379
51,395
51,402
51,409
51,416
52,53
52,54
52,55
52,67
52,66
52,65
52,74
52,81
52,87
52,98
52,120
52,125
52,130
52,135
52,136
52,138
52,174
52,173
52,177
52,179
52,205
52,218
52,224
52,243
52,256
52,270
52,274
52,283
52,310
52,311
52,320
52,328
52,333
52,337
52,351
52,356
52,370
52,374
52,378
52,387
52,397
52,404
52,409
53,54
53,55
53,59
53,64
53,73
53,78
53,82
53,81
53,93
53,103
53,109
53,115
53,113
53,127
53,151
53,164
53,174
53,180
53,185
53,202
53,198
53,205
53,203
53,220
53,252
53,253
53,263
53,272
53,292
53,288
53,297
53,305
53,303
53,321
53,339
53,343
53,353
53,354
53,367
53,368
53,366
53,385
53,405
53,403
54,55
54,59
54,90
54,96
54,91
54,98
54,110
54,115
54,134
54,148
54,191
54,193
54,198
54,213
54,217
54,240
54,249
54,252
54,261
54,260
54,291
54,334
54,349
54,347
54,354
54,359
54,363
54,411
55,79
55,88
55,86
55,91
55,102
55,118
55,142
55,151
55,157
55,155
55,160
55,171
55,195
55,216
55,228
55,231
55,236
55,238
55,267
55,276
55,274
55,284
55,285
55,290
55,299
55,297
55,298
55,306
55,315
55,317
55,332
55,346
55,372
55,377
55,397
55,415
56,57
56,58
56,59
56,60
56,61
56,62
56,81
56,87
56,104
56,119
56,123
56,204
56,203
56,214
56,239
56,264
56,270
56,281
56,296
56,298
56,335
56,349
56,347
56,354
56,357
56,362
56,366
56,382
57,58
57,59
57,60
57,61
57,62
57,72
57,88
57,85
57,95
57,108
57,125
57,128
57,135
57,145
57,148
57,168
57,185
57,191
57,190
57,198
57,196
57,204
57,225
57,235
57,239
57,242
57,245
57,246
57,256
57,261
57,276
57,284
57,280
57,292
57,298
57,303
57,311
57,334
57,329
57,356
57,363
57,366
57,376
57,412
57,408
58,59
58,60
58,61
58,62
58,69
58,71
58,74
58,81
58,108
58,115
58,112
58,118
58,129
58,142
58,154
58,164
58,166
58,173
58,183
58,198
58,216
58,213
58,223
58,225
58,241
58,266
58,281
58,289
58,309
58,315
58,327
58,337
58,348
58,356
58,393
58,404
58,401
58,402
58,413
59,60
59,61
59,62
59,97
59,104
59,123
59,139
59,154
59,163
59,172
59,188
59,186
59,198
59,207
59,221
59,247
59,263
59,274
59,273
59,289
59,290
59,287
59,301
59,321
59,336
59,341
59,349
59,350
59,358
59,378
59,389
60,61
60,62
60,70
60,77
60,93
60,99
60,110
60,113
60,132
60,135
60,147
60,148
60,154
60,166
60,178
60,175
60,187
60,192
60,204
60,212
60,222
60,230
60,225
60,251
60,256
60,254
60,261
60,270
60,284
60,304
60,327
60,323
60,363
60,381
60,388
60,393
61,62
61,65
61,81
61,87
61,104
61,106
61,105
61,115
61,120
61,146
61,152
61,157
61,166
61,174
61,181
61,175
61,192
61,197
61,210
61,218
61,220
61,239
61,250
61,265
61,271
61,269
61,278
61,296
61,304
61,311
61,309
61,321
61,324
61,332
61,339
61,337
61,353
61,374
61,377
61,382
61,386
61,393
61,397
61,405
61,407
61,406
61,413
62,65
62,64
62,63
62,71
62,81
62,89
62,93
62,128
62,137
62,136
62,146
62,155
62,178
62,189
62,237
62,233
62,236
62,232
62,253
62,274
62,301
62,311
62,318
62,315
62,325
62,329
62,349
62,366
62,367
62,375
62,387
62,390
62,394
62,403
62,408
62,417
62,418
62,419
63,64
63,65
63,66
63,67
63,68
63,69
63,78
63,102
63,119
63,123
63,126
63,138
63,144
63,193
63,199
63,205
63,227
63,235
63,238
63,241
63,265
63,287
63,293
63,295
63,314
63,316
63,328
63,336
63,338
63,350
63,362
63,369
63,366
63,371
63,394
63,399
64,65
64,66
64,67
64,68
64,69
64,72
64,97
64,115
64,124
64,138
64,144
64,140
64,170
64,175
64,180
64,188
64,185
64,200
64,204
64,211
64,212
64,225
64,228
64,231
64,251
64,256
64,272
64,271
64,267
64,280
64,307
64,321
64,319
64,326
64,347
64,351
64,352
64,360
64,362
64,384
64,393
65,66
65,67
65,68
65,69
65,81
65,89
65,113
65,131
65,147
65,164
65,161
65,183
65,195
65,212
65,220
65,218
65,217
65,224
65,236
65,265
65,267
65,273
65,301
65,308
65,323
65,339
65,373
65,381
66,67
66,68
66,69
66,77
66,83
66,111
66,106
66,110
66,113
66,127
66,154
66,164
66,172
66,190
66,197
66,222
66,227
66,233
66,252
66,261
66,272
66,277
66,278
66,286
66,291
66,299
66,316
66,330
66,339
66,360
66,366
66,389
66,402
66,418
67,68
67,69
67,71
67,75
67,74
67,84
67,93
67,104
67,115
67,120
67,131
67,136
67,151
67,153
67,154
67,160
67,158
67,161
67,168
67,180
67,175
67,183
67,202
67,203
67,215
67,243
67,247
67,245
67,258
67,252
67,262
67,280
67,281
67,284
67,298
67,296
67,301
67,308
67,325
67,331
67,351
67,376
67,382
67,387
67,390
67,396
67,405
67,403
67,412
67,408
67,411
68,69
68,71
68,83
68,95
68,93
68,103
68,104
68,98
68,105
68,122
68,139
68,133
68,140
68,143
68,151
68,154
68,170
68,189
68,203
68,205
68,237
68,257
68,279
68,278
68,292
68,302
68,334
68,329
68,349
68,357
68,370
68,376
68,373
68,380
68,407
69,89
69,88
69,85
69,97
69,114
69,130
69,152
69,163
69,170
69,179
69,186
69,194
69,202
69,212
69,219
69,238
69,241
69,251
69,246
69,263
69,300
69,313
69,312
69,318
69,341
69,347
69,349
69,369
69,380
69,387
69,393
69,392
69,401
69,411
69,414
69,415
69,413
70,71
70,72
70,73
70,74
70,75
70,76
70,89
70,121
70,132
70,127
70,130
70,139
70,143
70,147
70,159
70,154
70,169
70,171
70,180
70,187
70,190
70,200
70,202
70,197
70,223
70,220
70,245
70,247
70,252
70,264
70,280
70,294
70,308
70,322
70,362
70,371
70,377
70,393
71,72
71,73
71,74
71,75
71,76
71,81
71,85
71,103
71,101
71,105
71,119
71,121
71,138
71,142
71,152
71,177
71,185
71,209
71,235
71,248
71,250
71,261
71,259
71,269
71,271
71,272
71,291
71,294
71,311
71,312
71,323
71,332
71,335
71,341
71,365
71,366
71,369
71,382
71,385
71,402
71,408
71,407
72,73
72,74
72,75
72,76
72,81
72,84
72,87
72,97
72,95
72,100
72,105
72,117
72,114
72,143
72,150
72,157
72,158
72,164
72,193
72,194
72,216
72,223
72,229
72,232
72,235
72,254
72,265
72,267
72,275
72,282
72,285
72,283
72,290
72,294
72,307
72,303
72,308
72,315
72,328
72,340
72,348
72,352
72,358
72,404
72,418
73,74
73,75
73,76
73,78
73,91
73,97
73,101
73,112
73,115
73,121
73,142
73,146
73,171
73,199
73,206
73,209
73,210
73,212
73,228
73,234
73,240
73,254
73,278
73,282
73,300
73,295
73,313
73,331
73,339
73,347
73,359
73,365
73,374
73,373
73,386
73,394
73,410
74,75
74,76
74,78
74,89
74,94
74,102
74,108
74,107
74,118
74,138
74,135
74,152
74,163
74,171
74,183
74,188
74,193
74,211
74,216
74,217
74,241
74,273
74,291
74,306
74,332
74,346
74,347
74,350
74,353
74,352
74,358
74,360
74,366
74,382
74,391
74,390
74,402
74,404
74,407
74,417
75,76
75,105
75,123
75,128
75,127
75,133
75,150
75,156
75,174
75,176
75,185
75,205
75,220
75,227
75,224
75,229
75,247
75,255
75,276
75,303
75,317
75,318
75,316
75,327
75,328
75,329
75,348
75,354
75,376
75,378
75,380
75,397
75,399
75,412
75,414
76,82
76,161
76,162
76,163
76,175
76,193
76,209
76,232
76,242
76,243
76,257
76,261
76,272
76,275
76,288
76,320
76,340
76,382
76,389
76,397
76,392
76,417
76,413
77,78
77,79
77,80
77,81
77,82
77,83
77,85
77,101
77,107
77,113
77,118
77,114
77,124
77,137
77,153
77,150
77,159
77,165
77,176
77,177
77,188
77,193
77,202
77,209
77,234
77,253
77,257
77,263
77,262
77,276
77,299
77,310
77,325
77,329
77,349
77,347
77,351
77,362
77,366
77,373
77,380
77,387
77,396
77,403
77,410
78,79
78,80
78,81
78,82
78,83
78,84
78,90
78,94
78,97
78,91
78,103
78,98
78,124
78,120
78,145
78,166
78,174
78,176
78,197
78,208
78,228
78,231
78,237
78,248
78,291
78,308
78,315
78,326
78,339
78,369
78,370
78,371
78,398
78,403
78,409
78,415
78,413
79,80
79,81
79,82
79,83
79,95
79,109
79,130
79,131
79,134
79,139
79,156
79,163
79,173
79,180
79,186
79,187
79,192
79,201
79,204
79,205
79,214
79,218
79,226
79,241
79,250
79,278
79,273
79,280
79,292
79,289
79,329
79,341
79,348
79,344
79,376
79,394
79,403
79,408
80,81
80,82
80,83
80,88
80,119
80,127
80,135
80,173
80,183
80,185
80,200
80,211
80,222
80,229
80,226
80,241
80,246
80,252
80,260
80,262
80,267
80,282
80,294
80,297
80,302
80,313
80,334
80,339
80,346
80,359
80,365
80,391
80,406
80,411
80,417
80,413
81,82
81,83
81,100
81,105
81,129
81,144
81,153
81,172
81,176
81,215
81,222
81,240
81,254
81,261
81,270
81,278
81,276
81,289
81,304
81,302
81,318
81,353
81,350
81,359
81,361
81,375
81,381
81,385
81,398
81,402
82,83
82,88
82,92
82,100
82,110
82,109
82,115
82,121
82,132
82,138
82,140
82,155
82,159
82,162
82,190
82,198
82,216
82,229
82,237
82,241
82,250
82,271
82,285
82,281
82,283
82,313
82,312
82,317
82,321
82,328
82,339
82,367
82,372
82,380
82,391
82,390
82,405
82,416
83,118
83,142
83,140
83,151
83,152
83,156
83,164
83,174
83,193
83,192
83,220
83,233
83,241
83,245
83,253
83,269
83,272
83,287
83,299
83,295
83,307
83,315
83,323
83,322
83,331
83,329
83,338
83,356
83,357
83,382
83,395
84,85
84,86
84,87
84,88
84,89
84,90
84,103
84,107
84,116
84,138
84,141
84,179
84,178
84,191
84,189
84,209
84,228
84,242
84,256
84,260
84,261
84,275
84,278
84,303
84,307
84,330
84,336
84,357
84,376
84,393
84,392
84,401
85,86
85,87
85,88
85,89
85,90
85,97
85,102
85,110
85,114
85,123
85,125
85,124
85,131
85,127
85,146
85,145
85,148
85,149
85,157
85,172
85,183
85,201
85,206
85,214
85,220
85,232
85,238
85,247
85,255
85,272
85,297
85,300
85,294
85,314
85,312
85,317
85,323
85,326
85,348
85,350
85,369
85,374
85,373
85,382
85,391
85,409
85,410
85,407
86,87
86,88
86,89
86,90
86,92
86,103
86,113
86,126
86,140
86,143
86,150
86,151
86,166
86,163
86,177
86,192
86,196
86,209
86,218
86,230
86,231
86,236
86,253
86,267
86,282
86,305
86,302
86,330
86,331
86,333
86,337
86,342
86,355
86,370
86,364
86,384
86,381
86,386
86,388
86,406
86,416
87,88
87,89
87,90
87,97
87,96
87,101
87,106
87,117
87,126
87,154
87,164
87,169
87,178
87,197
87,206
87,237
87,253
87,261
87,260
87,271
87,289
87,288
87,314
87,316
87,318
87,321
87,335
87,361
87,386
88,89
88,90
88,113
88,170
88,178
88,201
88,208
88,213
88,223
88,230
88,226
88,235
88,238
88,246
88,250
88,287
88,307
88,309
88,338
88,337
88,343
88,364
88,399
88,411
88,413
88,415
89,90
89,110
89,124
89,126
89,136
89,157
89,166
89,169
89,187
89,182
89,184
89,191
89,198
89,211
89,217
89,224
89,241
89,238
89,247
89,286
89,283
89,297
89,322
89,348
89,346
89,356
89,354
89,363
89,357
89,377
89,379
89,398
89,392
89,403
90,100
90,111
90,122
90,135
90,137
90,153
90,160
90,155
90,165
90,182
90,211
90,221
90,251
90,255
90,260
90,266
90,270
90,275
90,278
90,273
90,285
90,281
90,289
90,288
90,297
90,318
90,324
90,349
90,357
90,375
90,392
90,404
90,401
90,415
91,92
91,93
91,94
91,95
91,96
91,97
91,102
91,118
91,112
91,130
91,136
91,133
91,145
91,158
91,161
91,166
91,171
91,168
91,176
91,184
91,197
91,216
91,222
91,239
91,255
91,264
91,273
91,283
91,288
91,298
91,314
91,332
91,339
91,336
91,345
91,346
91,355
91,367
91,374
91,375
91,389
91,391
91,398
91,394
91,411
92,93
92,94
92,95
92,96
92,97
92,102
92,107
92,113
92,125
92,124
92,132
92,128
92,144
92,173
92,189
92,191
92,193
92,197
92,221
92,225
92,224
92,237
92,246
92,270
92,274
92,275
92,306
92,326
92,333
92,359
92,358
92,376
92,384
92,389
92,387
92,393
92,400
92,401
92,409
93,94
93,95
93,96
93,97
93,103
93,105
93,109
93,129
93,138
93,151
93,157
93,156
93,180
93,179
93,186
93,193
93,202
93,203
93,204
93,216
93,225
93,244
93,238
93,271
93,282
93,293
93,321
93,326
93,335
93,341
93,344
93,352
93,350
93,361
93,366
93,369
93,374
93,384
93,408
93,419
93,415
94,95
94,96
94,97
94,112
94,146
94,148
94,147
94,187
94,201
94,207
94,210
94,217
94,226
94,234
94,250
94,256
94,266
94,286
94,299
94,305
94,303
94,320
94,325
94,324
94,329
94,343
94,360
94,364
94,403
94,402
94,406
95,96
95,97
95,132
95,135
95,156
95,188
95,186
95,190
95,234
95,242
95,256
95,254
95,252
95,259
95,281
95,317
95,332
95,352
95,386
95,411
95,416
95,419
96,97
96,104
96,123
96,124
96,133
96,141
96,145
96,162
96,168
96,179
96,228
96,235
96,233
96,241
96,250
96,264
96,267
96,272
96,279
96,293
96,300
96,313
96,309
96,343
96,359
96,373
96,380
97,100
97,110
97,109
97,118
97,119
97,150
97,148
97,160
97,161
97,165
97,172
97,215
97,212
97,221
97,219
97,251
97,264
97,276
97,286
97,288
97,293
97,298
97,301
97,313
97,319
97,315
97,337
97,342
97,356
97,370
97,381
97,382
97,392
97,394
97,404
97,418
98,99
98,100
98,101
98,102
98,103
98,104
98,143
98,152
98,162
98,228
98,243
98,246
98,254
98,262
98,276
98,291
98,296
98,299
98,306
98,327
98,349
98,343
98,353
98,364
98,372
98,378
98,379
98,389
98,397
99,100
99,101
99,102
99,103
99,104
99,113
99,123
99,127
99,146
99,148
99,163
99,170
99,177
99,192
99,202
99,218
99,217
99,228
99,237
99,238
99,261
99,259
99,283
99,280
99,293
99,299
99,322
99,327
99,330
99,335
99,329
99,341
99,353
99,367
99,369
99,405
99,408
99,418
100,101
100,102
100,103
100,104
100,106
100,137
100,138
100,140
100,176
100,191
100,201
100,208
100,213
100,212
100,229
100,237
100,233
100,244
100,249
100,267
100,276
100,289
100,309
100,316
100,339
100,348
100,373
100,378
100,402
100,400
100,412
101,102
101,103
101,104
101,110
101,139
101,148
101,155
101,159
101,162
101,180
101,183
101,186
101,200
101,208
101,204
101,212
101,236
101,242
101,243
101,251
101,264
101,277
101,279
101,302
101,320
101,317
101,327
101,329
101,339
101,345
101,355
101,360
101,368
101,378
101,416
101,415
102,103
102,104
102,117
102,120
102,121
102,130
102,131
102,137
102,138
102,154
102,160
102,182
102,208
102,204
102,220
102,219
102,226
102,233
102,259
102,268
102,278
102,302
102,312
102,314
102,321
102,350
102,360
102,375
102,377
102,390
102,407
102,414
103,104
103,105
103,107
103,122
103,119
103,126
103,129
103,144
103,148
103,164
103,170
103,174
103,171
103,178
103,193
103,198
103,212
103,214
103,222
103,246
103,258
103,252
103,268
103,283
103,287
103,300
103,303
103,304
103,311
103,327
103,337
103,363
103,382
103,385
103,392
103,394
103,398
103,393
103,403
103,412
104,108
104,118
104,114
104,117
104,145
104,150
104,158
104,163
104,174
104,179
104,182
104,193
104,198
104,227
104,245
104,255
104,254
104,268
104,267
104,284
104,283
104,291
104,296
104,313
104,318
104,333
104,341
104,349
104,356
104,359
104,362
104,367
104,374
104,403
104,409
104,419
105,106
105,107
105,108
105,109
105,110
105,111
105,112
105,118
105,122
105,131
105,137
105,133
105,179
105,189
105,198
105,216
105,214
105,250
105,252
105,259
105,271
105,266
105,293
105,314
105,308
105,310
105,332
105,329
105,356
105,390
105,396
105,402
105,408
106,107
106,108
106,109
106,110
106,111
106,112
106,129
106,131
106,146
106,170
106,171
106,168
106,185
106,197
106,215
106,220
106,223
106,242
106,246
106,281
106,299
106,302
106,311
106,316
106,323
106,326
106,335
106,343
106,352
106,358
106,360
106,366
106,372
106,383
106,380
106,392
106,400
106,414
107,108
107,109
107,110
107,111
107,120
107,128
107,138
107,147
107,151
107,164
107,179
107,188
107,195
107,199
107,215
107,217
107,218
107,237
107,235
107,247
107,257
107,253
107,260
107,267
107,275
107,291
107,302
107,321
107,343
107,355
107,364
107,372
107,375
107,384
107,403
107,409
107,418
108,109
108,110
108,111
108,113
108,120
108,119
108,137
108,143
108,141
108,173
108,181
108,182
108,193
108,198
108,216
108,218
108,230
108,238
108,248
108,252
108,261
108,271
108,279
108,287
108,297
108,303
108,306
108,323
108,341
108,337
108,347
108,360
108,375
108,412
108,415
108,417
109,110
109,111
109,124
109,142
109,151
109,149
109,154
109,158
109,160
109,166
109,165
109,168
109,176
109,185
109,189
109,191
109,230
109,225
109,232
109,237
109,243
109,246
109,261
109,263
109,273
109,291
109,298
109,311
109,341
109,348
109,350
109,361
109,367
109,381
109,379
109,390
109,398
109,404
109,407
109,412
110,111
110,157
110,167
110,164
110,197
110,203
110,228
110,240
110,258
110,277
110,283
110,281
110,315
110,319
110,326
110,339
110,338
110,364
110,376
110,388
110,386
110,394
110,393
111,117
111,134
111,144
111,152
111,178
111,203
111,206
111,205
111,229
111,232
111,244
111,267
111,275
111,285
111,293
111,300
111,305
111,321
111,331
111,329
111,355
111,388
112,113
112,114
112,115
112,116
112,117
112,118
112,137
112,159
112,164
112,205
112,203
112,216
112,221
112,227
112,230
112,242
112,257
112,268
112,280
112,293
112,290
112,303
112,321
112,330
112,338
112,343
112,351
112,368
112,379
112,397
112,405
112,399
113,114
113,115
113,116
113,117
113,118
113,128
113,139
113,154
113,167
113,198
113,199
113,196
113,207
113,216
113,232
113,239
113,249
113,252
113,264
113,265
113,293
113,294
113,303
113,307
113,346
113,361
113,390
114,115
114,116
114,117
114,118
114,121
114,137
114,134
114,146
114,156
114,166
114,165
114,175
114,210
114,222
114,228
114,236
114,235
114,234
114,255
114,269
114,279
114,282
114,292
114,289
114,324
114,323
114,322
114,334
114,332
114,344
114,360
114,365
114,372
114,371
114,389
114,396
114,399
114,418
114,419
115,116
115,117
115,118
115,122
115,130
115,127
115,146
115,145
115,151
115,148
115,179
115,194
115,195
115,200
115,224
115,245
115,249
115,260
115,277
115,310
115,320
115,336
115,337
115,354
115,360
115,370
115,369
115,382
115,384
115,388
115,411
116,117
116,118
116,119
116,143
116,172
116,174
116,179
116,187
116,194
116,195
116,215
116,222
116,233
116,253
116,272
116,269
116,274
116,282
116,285
116,294
116,300
116,305
116,310
116,318
116,317
116,334
116,342
116,347
116,356
116,363
116,366
116,392
116,393
117,118
117,128
117,141
117,153
117,159
117,180
117,188
117,187
117,199
117,206
117,207
117,218
117,221
117,224
117,246
117,267
117,274
117,296
117,309
117,328
117,340
117,372
117,376
117,374
117,403
117,412
117,414
117,415
118,119
118,123
118,152
118,160
118,167
118,170
118,174
118,181
118,187
118,189
118,214
118,240
118,242
118,244
118,254
118,265
118,275
118,280
118,294
118,310
118,312
118,315
118,324
118,356
118,351
118,362
118,378
118,385
118,391
118,405
118,408
118,411
118,409
118,414
119,120
119,121
119,122
119,123
119,124
119,125
119,129
119,136
119,135
119,144
119,164
119,163
119,174
119,177
119,182
119,204
119,234
119,259
119,279
119,309
119,325
119,332
119,343
119,348
119,355
119,371
119,382
119,386
119,400
119,403
119,409
119,418
120,121
120,122
120,123
120,124
120,125
120,131
120,183
120,205
120,206
120,212
120,221
120,239
120,266
120,270
120,285
120,287
120,298
120,310
120,318
120,316
120,345
120,357
120,368
120,366
120,375
120,383
120,382
120,381
120,412
120,406
121,122
121,123
121,124
121,125
121,132
121,153
121,150
121,156
121,159
121,169
121,182
121,195
121,198
121,208
121,210
121,218
121,228
121,224
121,229
121,234
121,233
121,242
121,248
121,261
121,273
121,281
121,290
121,295
121,303
121,301
121,312
121,315
121,340
121,355
121,364
121,386
121,393
121,402
121,406
122,123
122,124
122,125
122,131
122,126
122,133
122,144
122,153
122,152
122,167
122,177
122,196
122,200
122,197
122,217
122,239
122,238
122,241
122,255
122,260
122,265
122,269
122,282
122,296
122,326
122,344
122,363
122,374
122,392
122,405
122,401
122,416
123,124
123,125
123,160
123,156
123,162
123,168
123,174
123,181
123,195
123,193
123,201
123,203
123,231
123,246
123,245
123,275
123,307
123,322
123,333
123,341
123,350
123,362
123,363
123,366
123,411
123,413
124,125
124,139
124,142
124,146
124,155
124,177
124,213
124,210
124,216
124,221
124,223
124,226
124,234
124,250
124,255
124,270
124,277
124,292
124,294
124,313
124,334
124,332
124,329
124,346
124,352
124,356
124,362
124,376
124,380
124,387
124,398
125,136
125,142
125,167
125,173
125,179
125,187
125,191
125,224
125,247
125,253
125,255
125,261
125,266
125,275
125,285
125,280
125,289
125,307
125,304
125,313
125,318
125,328
125,323
125,341
125,364
125,375
125,389
125,391
125,392
125,416
125,419
126,127
126,128
126,129
126,130
126,131
126,132
126,160
126,181
126,195
126,197
126,198
126,199
126,207
126,213
126,214
126,239
126,258
126,268
126,277
126,293
126,288
126,305
126,303
126,310
126,317
126,324
126,332
126,342
126,345
126,349
126,360
126,397
127,128
127,129
127,130
127,131
127,132
127,133
127,134
127,152
127,161
127,163
127,177
127,181
127,193
127,202
127,230
127,232
127,249
127,253
127,262
127,260
127,265
127,271
127,279
127,298
127,303
127,304
127,321
127,325
127,333
127,343
127,347
127,353
127,354
127,356
127,359
127,360
127,377
127,380
127,392
127,404
127,417
128,129
128,130
128,131
128,132
128,137
128,143
128,173
128,170
128,180
128,175
128,183
128,185
128,192
128,205
128,214
128,220
128,230
128,226
128,249
128,259
128,277
128,276
128,281
128,295
128,311
128,308
128,320
128,329
128,334
128,342
128,348
128,366
128,383
128,388
128,386
128,396
128,397
128,401
128,412
128,414
129,130
129,131
129,132
129,146
129,147
129,148
129,152
129,203
129,205
129,217
129,247
129,251
129,254
129,278
129,292
129,359
129,377
129,375
129,379
129,386
129,408
130,131
130,132
130,138
130,140
130,142
130,152
130,155
130,162
130,168
130,169
130,185
130,187
130,191
130,206
130,211
130,236
130,241
130,238
130,246
130,269
130,285
130,318
130,328
130,337
130,351
130,360
130,370
130,364
130,401
130,405
130,406
131,132
131,158
131,166
131,161
131,192
131,202
131,211
131,220
131,227
131,224
131,233
131,232
131,268
131,271
131,280
131,285
131,300
131,298
131,313
131,315
131,325
131,336
131,351
131,368
131,388
131,385
131,411
131,412
131,413
132,137
132,146
132,155
132,154
132,171
132,184
132,219
132,221
132,238
132,244
132,254
132,255
132,264
132,280
132,292
132,290
132,299
132,308
132,323
132,330
132,370
132,375
132,372
132,381
132,417
132,419
133,134
133,135
133,136
133,137
133,138
133,139
133,147
133,161
133,163
133,168
133,171
133,175
133,186
133,198
133,202
133,203
133,210
133,236
133,250
133,264
133,262
133,268
133,271
133,287
133,292
133,295
133,305
133,318
133,325
133,327
133,330
133,336
133,348
133,357
133,379
133,387
133,393
133,407
133,411
134,135
134,136
134,137
134,138
134,139
134,207
134,212
134,221
134,219
134,218
134,255
134,273
134,282
134,303
134,301
134,314
134,317
134,318
134,328
134,330
134,333
134,344
134,349
134,353
134,355
134,351
134,367
134,375
134,389
134,402
134,412
134,406
134,415
135,136
135,137
135,138
135,139
135,143
135,151
135,160
135,162
135,174
135,172
135,185
135,194
135,190
135,210
135,217
135,230
135,228
135,231
135,241
135,254
135,265
135,274
135,273
135,288
135,290
135,305
135,312
135,341
135,340
135,370
135,364
135,373
135,378
135,388
135,394
135,405
135,401
136,137
136,138
136,139
136,150
136,159
136,188
136,195
136,201
136,203
136,212
136,232
136,239
136,247
136,248
136,252
136,286
136,307
136,310
136,329
136,351
136,362
136,373
136,376
136,393
136,394
136,415
137,138
137,139
137,142
137,147
137,169
137,195
137,201
137,227
137,230
137,237
137,256
137,264
137,263
137,268
137,266
137,274
137,280
137,294
137,313
137,324
137,336
137,362
137,366
137,374
137,384
137,382
137,378
137,401
137,405
137,409
137,417
138,139
138,145
138,159
138,162
138,161
138,177
138,178
138,182
138,190
138,196
138,205
138,211
138,246
138,272
138,274
138,298
138,299
138,297
138,343
138,352
139,146
139,145
139,147
139,159
139,181
139,177
139,183
139,203
139,219
139,230
139,233
139,241
139,238
139,242
139,251
139,285
139,283
139,309
139,315
139,327
139,332
139,342
139,347
139,358
139,391
139,394
139,418
140,141
140,142
140,143
140,144
140,145
140,146
140,160
140,165
140,174
140,171
140,180
140,181
140,182
140,183
140,187
140,203
140,214
140,215
140,218
140,232
140,237
140,255
140,252
140,260
140,271
140,279
140,287
140,296
140,303
140,306
140,328
140,333
140,354
140,356
140,357
140,367
140,395
140,394
140,393
140,416
141,142
141,143
141,144
141,145
141,146
141,152
141,161
141,168
141,181
141,191
141,195
141,197
141,208
141,220
141,240
141,247
141,293
141,292
141,294
141,299
141,312
141,323
141,325
141,336
141,349
141,358
141,370
141,377
141,383
141,379
141,389
141,396
141,401
141,404
141,402
142,143
142,144
142,145
142,146
142,156
142,181
142,185
142,193
142,213
142,211
142,227
142,242
142,252
142,261
142,271
142,278
142,279
142,311
142,323
142,330
142,373
142,377
142,390
143,144
143,145
143,146
143,152
143,159
143,164
143,200
143,201
143,208
143,203
143,243
143,239
143,269
143,285
143,305
143,333
143,337
143,348
143,369
143,373
143,390
143,405
143,417
144,145
144,146
144,161
144,173
144,189
144,198
144,209
144,215
144,223
144,230
144,231
144,239
144,248
144,245
144,256
144,254
144,283
144,311
144,317
144,321
144,331
144,342
144,337
144,343
144,354
144,380
144,383
144,411
144,416
145,146
145,158
145,160
145,168
145,180
145,183
145,195
145,217
145,226
145,224
145,237
145,234
145,245
145,247
145,260
145,259
145,271
145,278
145,274
145,280
145,291
145,299
145,296
145,303
145,314
145,316
145,320
145,335
145,342
145,348
145,353
145,363
145,360
145,390
145,392
145,406
145,407
146,148
146,152
146,151
146,161
146,222
146,225
146,262
146,272
146,281
146,289
146,301
146,311
146,321
146,324
146,348
146,356
146,368
146,376
146,388
146,407
146,419
146,417
147,148
147,149
147,150
147,151
147,152
147,153
147,163
147,170
147,171
147,177
147,186
147,197
147,225
147,249
147,255
147,265
147,270
147,274
147,292
147,302
147,312
147,314
147,325
147,335
147,337
147,345
147,350
147,358
147,357
147,364
147,377
147,376
147,378
147,408
148,149
148,150
148,151
148,152
148,153
148,167
148,176
148,187
148,194
148,210
148,218
148,217
148,225
148,226
148,241
148,247
148,250
148,258
148,269
148,309
148,311
148,321
148,330
148,336
148,337
148,347
148,352
148,356
148,367
148,368
148,366
148,375
148,385
148,398
148,402
149,150
149,151
149,152
149,153
149,163
149,171
149,168
149,175
149,184
149,202
149,216
149,234
149,272
149,273
149,296
149,332
149,339
149,344
149,350
149,370
149,374
149,388
149,397
149,410
149,416
150,151
150,152
150,153
150,154
150,198
150,199
150,206
150,208
150,221
150,218
150,232
150,239
150,248
150,264
150,260
150,269
150,285
150,283
150,281
150,287
150,296
150,301
150,322
150,331
150,346
150,348
150,361
150,387
150,393
150,399
150,411
150,415
150,416
151,152
151,153
151,160
151,167
151,178
151,207
151,206
151,216
151,212
151,234
151,241
151,246
151,254
151,263
151,275
151,279
151,300
151,305
151,312
151,322
151,329
151,336
151,362
151,380
151,383
151,389
152,153
152,155
152,190
152,202
152,217
152,233
152,244
152,239
152,254
152,273
152,287
152,300
152,321
152,319
152,323
152,322
152,356
152,402
152,412
153,160
153,156
153,167
153,168
153,176
153,185
153,195
153,192
153,214
153,233
153,284
153,287
153,300
153,306
153,316
153,321
153,362
153,376
153,383
153,393
153,394
153,401
153,404
153,412
153,416
153,419
154,155
154,156
154,157
154,158
154,159
154,160
154,166
154,165
154,183
154,213
154,227
154,234
154,239
154,249
154,254
154,259
154,262
154,276
154,277
154,289
154,299
154,294
154,314
154,316
154,338
154,344
154,359
154,366
154,371
154,375
154,383
154,380
154,386
155,156
155,157
155,158
155,159
155,160
155,165
155,178
155,184
155,194
155,207
155,208
155,204
155,215
155,214
155,228
155,235
155,237
155,240
155,254
155,258
155,264
155,267
155,278
155,282
155,284
155,287
155,301
155,312
155,318
155,316
155,328
155,329
155,339
155,348
155,343
155,351
155,350
155,376
155,381
155,387
155,394
155,407
156,157
156,158
156,159
156,160
156,169
156,176
156,190
156,210
156,217
156,251
156,256
156,264
156,266
156,335
156,342
156,343
156,361
156,358
156,369
156,396
156,404
156,401
156,399
156,409
156,414
157,158
157,159
157,160
157,175
157,190
157,215
157,223
157,228
157,259
157,282
157,291
157,295
157,302
157,306
157,317
157,339
157,346
157,354
157,350
157,365
157,399
157,407
158,159
158,160
158,162
158,165
158,171
158,173
158,170
158,181
158,200
158,204
158,218
158,217
158,231
158,276
158,294
158,303
158,312
158,327
158,353
158,357
158,366
158,374
158,382
158,388
158,387
158,401
158,419
159,160
159,185
159,200
159,203
159,227
159,225
159,244
159,242
159,250
159,269
159,271
159,300
159,318
159,328
159,325
159,329
159,333
159,393
159,396
159,392
160,188
160,187
160,189
160,195
160,201
160,198
160,221
160,236
160,244
160,251
160,247
160,257
160,280
160,284
160,290
160,292
160,310
160,308
160,328
160,359
160,370
160,374
160,378
160,386
160,412
160,413
160,415
160,418
161,162
161,163
161,164
161,165
161,166
161,167
161,179
161,175
161,201
161,208
161,214
161,218
161,217
161,230
161,227
161,236
161,256
161,280
161,300
161,295
161,305
161,310
161,316
161,332
161,331
161,343
161,356
161,352
161,351
161,362
161,366
161,383
161,380
161,382
161,389
161,396
161,400
161,415
162,163
162,164
162,165
162,166
162,167
162,184
162,201
162,206
162,241
162,247
162,250
162,285
162,310
162,330
162,329
162,336
162,357
162,374
162,383
162,397
162,408
162,410
163,164
163,165
163,166
163,167
163,174
163,175
163,186
163,187
163,189
163,208
163,213
163,216
163,242
163,248
163,249
163,270
163,278
163,291
163,289
163,294
163,301
163,328
163,336
163,342
163,337
163,345
163,349
163,358
163,360
163,367
163,370
163,377
163,404
163,419
164,165
164,166
164,167
164,187
164,189
164,201
164,221
164,230
164,238
164,243
164,257
164,262
164,264
164,265
164,260
164,274
164,276
164,292
164,294
164,304
164,319
164,326
164,328
164,349
164,354
164,369
164,387
164,399
164,407
164,413
165,166
165,167
165,172
165,181
165,194
165,202
165,206
165,220
165,222
165,252
165,270
165,287
165,297
165,327
165,323
165,348
165,351
165,366
165,398
165,401
165,416
166,167
166,169
166,170
166,168
166,180
166,194
166,199
166,207
166,212
166,230
166,236
166,232
166,244
166,254
166,260
166,272
166,278
166,275
166,281
166,284
166,292
166,301
166,312
166,310
166,317
166,321
166,358
166,377
166,382
166,387
166,412
167,183
167,212
167,236
167,231
167,246
167,252
167,268
167,270
167,283
167,302
167,313
167,317
167,329
167,374
167,371
167,386
167,397
167,393
167,403
167,410
167,413
168,169
168,170
168,171
168,172
168,173
168,174
168,191
168,194
168,208
168,228
168,224
168,245
168,259
168,264
168,274
168,281
168,287
168,300
168,297
168,307
168,306
168,326
168,340
168,354
168,371
168,382
168,396
168,415
169,170
169,171
169,172
169,173
169,174
169,199
169,212
169,216
169,237
169,247
169,256
169,254
169,266
169,288
169,304
169,308
169,312
169,327
169,330
169,340
169,363
169,367
169,375
169,391
169,402
169,410
169,417
169,416
170,171
170,172
170,173
170,174
170,188
170,184
170,193
170,202
170,234
170,242
170,238
170,239
170,245
170,247
170,257
170,278
170,276
170,282
170,290
170,296
170,333
170,352
170,363
170,360
170,390
170,402
171,172
171,173
171,174
171,175
171,194
171,209
171,208
171,210
171,223
171,225
171,238
171,251
171,262
171,271
171,269
171,276
171,279
171,280
171,289
171,302
171,314
171,321
171,324
171,335
171,346
171,349
171,352
171,355
171,353
171,366
171,374
171,383
171,398
171,405
171,408
171,411
171,410
171,413
172,173
172,174
172,176
172,209
172,221
172,226
172,235
172,252
172,255
172,263
172,285
172,308
172,325
172,334
172,342
172,358
172,362
172,368
172,378
172,385
172,402
172,412
173,174
173,177
173,195
173,198
173,202
173,203
173,215
173,219
173,225
173,262
173,268
173,280
173,300
173,296
173,321
173,315
173,320
173,322
173,341
173,369
173,365
173,375
173,382
173,378
173,397
174,181
174,175
174,184
174,186
174,199
174,215
174,223
174,232
174,242
174,272
174,293
174,304
174,313
174,338
174,348
174,345
174,374
174,386
174,390
174,393
174,404
175,176
175,177
175,178
175,179
175,180
175,181
175,186
175,183
175,193
175,199
175,200
175,218
175,228
175,225
175,256
175,252
175,260
175,264
175,261
175,278
175,318
175,322
175,325
175,340
175,349
175,356
175,350
175,370
175,376
175,383
175,381
175,390
175,388
175,386
175,393
175,395
175,400
175,414
176,177
176,178
176,179
176,180
176,181
176,205
176,210
176,220
176,227
176,241
176,249
176,251
176,260
176,277
176,301
176,311
176,318
176,332
176,346
176,359
176,363
176,371
176,404
176,406
177,178
177,179
177,180
177,181
177,187
177,192
177,196
177,209
177,231
177,240
177,271
177,279
177,292
177,289
177,299
177,297
177,307
177,333
177,351
177,364
177,373
177,405
177,410
177,414
178,179
178,180
178,181
178,185
178,200
178,212
178,214
178,218
178,228
178,245
178,248
178,286
178,296
178,302
178,311
178,331
178,359
178,362
178,369
178,397
178,402
178,404
178,416
179,180
179,181
179,190
179,202
179,209
179,212
179,221
179,231
179,234
179,237
179,240
179,242
179,258
179,255
179,256
179,265
179,273
179,280
179,285
179,283
179,297
179,311
179,318
179,325
179,341
179,356
179,357
179,370
179,371
179,396
179,410
179,409
180,181
180,190
180,203
180,211
180,225
180,298
180,306
180,313
180,321
180,317
180,331
180,340
180,347
180,348
180,345
180,353
180,372
180,384
180,383
180,380
180,394
181,184
181,194
181,206
181,217
181,234
181,242
181,248
181,271
181,266
181,268
181,281
181,288
181,293
181,304
181,326
181,324
181,329
181,337
181,338
181,370
181,391
181,409
181,416
181,415
182,183
182,184
182,185
182,186
182,187
182,188
182,196
182,212
182,214
182,231
182,232
182,241
182,239
182,276
182,292
182,301
182,311
182,321
182,334
182,343
182,354
182,361
182,370
182,373
182,383
182,394
182,404
182,417
183,184
183,185
183,186
183,187
183,188
183,208
183,218
183,222
183,234
183,236
183,250
183,260
183,272
183,279
183,286
183,289
183,308
183,322
183,327
183,332
183,329
183,359
183,362
183,375
183,402
183,411
184,185
184,186
184,187
184,188
184,194
184,215
184,225
184,227
184,248
184,264
184,262
184,280
184,295
184,307
184,329
184,338
184,348
184,354
184,366
184,370
184,380
184,381
184,389
184,403
184,399
184,408
184,419
185,186
185,187
185,188
185,208
185,214
185,227
185,229
185,233
185,239
185,269
185,288
185,296
185,294
185,300
185,307
185,304
185,312
185,317
185,322
185,344
185,343
185,368
185,382
185,387
185,385
185,390
185,392
185,396
185,407
185,414
186,187
186,188
186,189
186,196
186,202
186,207
186,220
186,251
186,258
186,253
186,265
186,269
186,277
186,283
186,296
186,317
186,320
186,326
186,342
186,336
186,348
186,353
186,365
186,400
186,415
187,188
187,191
187,200
187,203
187,204
187,220
187,221
187,251
187,247
187,257
187,265
187,281
187,285
187,305
187,314
187,310
187,319
187,327
187,329
187,337
187,353
187,356
187,362
188,190
188,193
188,199
188,215
188,224
188,244
188,238
188,255
188,256
188,267
188,270
188,277
188,273
188,293
188,338
188,360
188,371
188,377
188,383
188,391
188,396
188,392
188,408
188,410
188,413
189,190
189,191
189,192
189,193
189,194
189,195
189,216
189,218
189,221
189,244
189,240
189,245
189,255
189,264
189,277
189,282
189,289
189,294
189,304
189,311
189,318
189,329
189,334
189,336
189,343
189,361
189,376
189,380
189,378
189,384
189,386
189,395
189,396
189,411
189,410
189,415
190,191
190,192
190,193
190,194
190,195
190,198
190,197
190,216
190,214
190,229
190,239
190,245
190,266
190,297
190,313
190,315
190,327
190,331
190,340
190,347
190,353
190,350
190,361
190,383
190,395
190,403
190,400
190,408
191,192
191,193
191,194
191,195
191,202
191,229
191,237
191,244
191,268
191,287
191,288
191,306
191,308
191,325
191,342
191,361
191,376
191,406
192,193
192,194
192,195
192,205
192,235
192,233
192,252
192,258
192,263
192,264
192,268
192,266
192,278
192,281
192,307
192,323
192,355
192,367
192,377
192,389
192,404
192,402
192,415
193,194
193,195
193,201
193,208
193,205
193,223
193,217
193,222
193,226
193,231
193,248
193,260
193,263
193,287
193,300
193,302
193,309
193,313
193,321
193,317
193,345
193,359
193,364
193,370
193,371
193,374
193,392
193,412
193,419
194,195
194,200
194,203
194,211
194,225
194,234
194,253
194,257
194,278
194,280
194,293
194,306
194,321
194,348
194,353
194,357
194,389
194,390
194,392
195,204
195,212
195,227
195,251
195,245
195,267
195,275
195,273
195,284
195,286
195,297
195,296
195,327
195,325
195,337
195,344
195,351
195,370
195,367
195,382
195,386
195,405
195,414
195,418
196,197
196,198
196,199
196,200
196,201
196,202
196,207
196,224
196,243
196,239
196,245
196,258
196,256
196,253
196,265
196,273
196,311
196,323
196,338
196,370
196,377
196,388
196,390
196,398
196,392
196,394
196,413
197,198
197,199
197,200
197,201
197,202
197,209
197,232
197,241
197,246
197,255
197,254
197,262
197,269
197,279
197,290
197,296
197,321
197,315
197,350
197,361
197,383
197,396
197,410
197,412
198,199
198,200
198,201
198,202
198,209
198,214
198,213
198,217
198,226
198,261
198,270
198,267
198,272
198,296
198,307
198,302
198,311
198,318
198,323
198,330
198,339
198,356
198,354
198,366
198,374
198,375
198,379
198,381
198,402
198,400
198,406
199,200
199,201
199,202
199,223
199,233
199,244
199,247
199,283
199,285
199,284
199,290
199,292
199,313
199,324
199,347
199,361
199,370
199,375
199,379
199,405
199,407
200,201
200,202
200,230
200,228
200,260
200,281
200,293
200,295
200,318
200,334
200,333
200,336
200,349
200,345
200,363
200,359
200,368
200,386
200,409
200,418
200,415
201,202
201,217
201,234
201,232
201,263
201,273
201,288
201,304
201,333
201,341
201,339
201,357
201,390
202,214
202,215
202,213
202,220
202,221
202,232
202,239
202,249
202,266
202,275
202,280
202,294
202,301
202,307
202,311
202,308
202,319
202,325
202,323
202,331
202,346
202,343
202,352
202,367
202,375
202,382
202,391
202,392
202,405
202,413
202,416
203,204
203,205
203,206
203,207
203,208
203,209
203,239
203,269
203,277
203,281
203,297
203,296
203,306
203,302
203,310
203,315
203,345
203,356
203,353
203,357
203,362
203,391
203,409
203,411
204,205
204,206
204,207
204,208
204,209
204,213
204,219
204,235
204,244
204,255
204,252
204,260
204,270
204,275
204,289
204,296
204,301
204,309
204,316
204,327
204,330
204,342
204,339
204,349
204,355
204,358
204,385
204,401
204,407
205,206
205,207
205,208
205,209
205,214
205,217
205,244
205,249
205,256
205,272
205,278
205,280
205,319
205,325
205,329
205,358
205,373
205,379
205,386
205,400
205,407
205,414
206,207
206,208
206,209
206,223
206,237
206,233
206,244
206,239
206,247
206,254
206,270
206,291
206,333
206,337
206,345
206,353
206,375
206,377
206,381
206,379
206,384
206,395
206,405
206,416
207,208
207,209
207,230
207,227
207,236
207,248
207,262
207,259
207,278
207,291
207,302
207,312
207,310
207,324
207,336
207,366
207,369
207,374
207,380
207,393
207,398
207,395
207,410
208,209
208,212
208,221
208,229
208,252
208,262
208,260
208,274
208,284
208,288
208,295
208,297
208,307
208,310
208,327
208,330
208,344
208,364
208,370
208,390
208,396
208,417
208,416
209,210
209,215
209,217
209,226
209,229
209,234
209,245
209,246
209,267
209,281
209,289
209,319
209,318
209,325
209,331
209,340
209,350
209,361
209,374
209,386
209,404
209,399
210,211
210,212
210,213
210,214
210,215
210,216
210,220
210,217
210,229
210,237
210,232
210,249
210,254
210,264
210,259
210,288
210,300
210,307
210,314
210,313
210,320
210,317
210,341
210,351
210,360
210,372
210,398
210,407
210,406
210,409
210,414
210,418
211,212
211,213
211,214
211,215
211,216
211,225
211,255
211,258
211,268
211,274
211,289
211,311
211,322
211,335
211,333
211,346
211,350
211,368
211,373
211,381
211,384
211,385
211,393
211,402
211,404
212,213
212,214
212,215
212,216
212,220
212,219
212,230
212,277
212,298
212,306
212,330
212,333
212,340
212,345
212,350
212,374
212,384
212,387
212,403
212,417
212,416
213,214
213,215
213,216
213,246
213,245
213,263
213,268
213,281
213,285
213,299
213,304
213,337
213,359
213,363
213,370
213,371
213,387
213,391
213,410
213,412
214,215
214,216
214,218
214,229
214,230
214,233
214,236
214,256
214,258
214,264
214,269
214,280
214,288
214,294
214,307
214,327
214,329
214,336
214,349
214,348
214,364
214,383
214,381
214,386
214,397
214,394
214,396
215,216
215,244
215,240
215,262
215,271
215,274
215,276
215,278
215,310
215,320
215,324
215,344
215,355
215,361
215,362
215,374
215,416
216,242
216,241
216,246
216,271
216,285
216,284
216,293
216,287
216,299
216,301
216,311
216,318
216,328
216,322
216,352
216,369
216,364
216,403
216,400
217,218
217,219
217,220
217,221
217,222
217,223
217,242
217,238
217,248
217,259
217,284
217,292
217,319
217,337
217,349
217,343
217,353
217,354
217,365
217,368
217,379
217,383
217,402
217,400
217,410
217,418
218,219
218,220
218,221
218,222
218,223
218,230
218,235
218,234
218,246
218,245
218,269
218,304
218,335
218,360
218,371
218,375
218,378
218,397
218,411
218,413
219,220
219,221
219,222
219,223
219,252
219,259
219,272
219,280
219,302
219,326
219,331
219,330
219,384
219,392
219,414
220,221
220,222
220,223
220,240
220,253
220,271
220,292
220,299
220,296
220,306
220,303
220,309
220,322
220,347
220,343
220,365
220,372
220,396
221,222
221,223
221,228
221,241
221,267
221,289
221,295
221,310
221,319
221,321
221,315
221,333
221,337
221,340
221,336
221,362
221,361
221,364
221,378
221,387
221,390
221,386
221,401
221,412
221,419
222,223
222,230
222,257
222,258
222,263
222,259
222,269
222,279
222,275
222,276
222,293
222,292
222,294
222,312
222,314
222,354
222,376
222,390
222,404
223,228
223,225
223,233
223,232
223,237
223,240
223,251
223,261
223,273
223,277
223,284
223,285
223,283
223,298
223,303
223,313
223,320
223,322
223,325
223,334
223,337
223,352
223,354
223,358
223,363
223,368
223,377
223,395
223,399
223,409
223,407
224,225
224,226
224,227
224,228
224,229
224,230
224,235
224,244
224,241
224,271
224,312
224,317
224,323
224,356
224,363
224,360
224,374
224,384
224,381
224,389
224,395
224,403
224,400
224,411
225,226
225,227
225,228
225,229
225,230
225,238
225,249
225,247
225,270
225,269
225,310
225,324
225,326
225,339
225,352
225,361
225,374
225,381
225,386
225,401
226,227
226,228
226,229
226,230
226,239
226,248
226,261
226,269
226,279
226,284
226,286
226,301
226,313
226,310
226,318
226,332
226,357
226,372
226,405
227,228
227,229
227,230
227,258
227,263
227,288
227,296
227,295
227,307
227,326
227,327
227,329
227,333
227,340
227,380
227,389
227,396
227,406
227,412
227,413
228,229
228,230
228,235
228,252
228,264
228,270
228,275
228,290
228,300
228,302
228,316
228,320
228,338
228,348
228,347
228,365
228,369
228,364
228,372
228,379
228,394
228,404
228,411
229,230
229,240
229,261
229,263
229,275
229,284
229,286
229,293
229,312
229,320
229,342
229,346
229,354
229,353
229,368
229,388
229,391
229,397
229,419
230,236
230,237
230,234
230,248
230,255
230,258
230,252
230,275
230,285
230,290
230,297
230,295
230,301
230,304
230,330
230,344
230,349
230,352
230,370
230,396
230,410
230,414
230,415
231,232
231,233
231,234
231,235
231,236
231,237
231,252
231,270
231,266
231,281
231,289
231,299
231,297
231,313
231,312
231,320
231,333
231,344
231,360
231,388
231,386
231,390
231,402
231,412
231,415
232,233
232,234
232,235
232,236
232,237
232,239
232,251
232,248
232,262
232,281
232,313
232,334
232,346
232,358
232,370
232,364
232,378
232,399
232,408
233,234
233,235
233,236
233,237
233,240
233,254
233,289
233,287
233,306
233,303
233,314
233,327
233,340
233,358
233,366
233,371
233,373
233,379
233,383
233,378
233,384
233,390
233,405
233,414
233,415
233,419
234,235
234,236
234,237
234,255
234,274
234,273
234,282
234,299
234,305
234,310
234,318
234,325
234,334
234,337
234,349
234,350
234,352
234,353
234,393
234,397
235,236
235,237
235,241
235,240
235,258
235,270
235,283
235,318
235,322
235,333
235,336
235,368
235,371
236,237
236,246
236,248
236,262
236,271
236,276
236,287
236,290
236,296
236,307
236,306
236,322
236,334
236,341
236,345
236,357
236,397
236,398
236,405
236,400
236,406
237,242
237,251
237,252
237,263
237,262
237,265
237,279
237,277
237,284
237,297
237,319
237,322
237,341
237,343
237,352
237,357
237,365
237,373
237,376
237,409
237,411
237,417
238,239
238,240
238,241
238,242
238,243
238,244
238,249
238,256
238,261
238,285
238,287
238,297
238,306
238,318
238,328
238,326
238,329
238,349
238,355
238,364
238,372
238,371
238,388
238,390
238,402
238,400
238,405
238,415
239,240
239,241
239,242
239,243
239,244
239,254
239,264
239,269
239,278
239,273
239,295
239,306
239,308
239,356
239,358
239,368
239,379
239,378
239,385
239,417
240,241
240,242
240,243
240,244
240,253
240,252
240,261
240,272
240,278
240,284
240,291
240,305
240,309
240,328
240,335
240,337
240,363
240,394
240,409
241,242
241,243
241,244
241,246
241,250
241,267
241,266
241,291
241,298
241,296
241,294
241,308
241,311
241,315
241,323
241,341
241,370
241,373
241,402
241,411
241,410
242,243
242,244
242,245
242,249
242,265
242,276
242,288
242,317
242,318
242,326
242,331
242,337
242,343
242,354
242,357
242,368
242,379
242,388
242,394
242,397
242,407
242,415
243,244
243,253
243,268
243,286
243,280
243,282
243,310
243,317
243,329
243,340
243,337
243,362
243,366
243,375
243,381
243,397
243,419
244,279
244,289
244,302
244,307
244,330
244,344
244,356
244,360
244,376
244,382
244,394
244,403
244,412
244,414
245,246
245,247
245,248
245,249
245,250
245,251
245,258
245,264
245,261
245,279
245,287
245,296
245,309
245,326
245,325
245,330
245,348
245,346
245,353
245,358
245,373
245,382
245,391
245,407
246,247
246,248
246,249
246,250
246,251
246,261
246,264
246,269
246,272
246,279
246,285
246,299
246,323
246,338
246,348
246,350
246,361
246,367
246,383
246,416
247,248
247,249
247,250
247,251
247,263
247,269
247,286
247,280
247,282
247,292
247,299
247,330
247,334
247,337
247,341
247,347
247,352
247,361
247,360
247,357
247,370
247,364
247,369
247,366
247,378
247,386
247,396
247,412
247,417
248,249
248,250
248,251
248,257
248,275
248,277
248,278
248,288
248,303
248,317
248,320
248,316
248,340
248,343
248,350
248,372
248,377
248,389
248,392
248,398
248,404
248,401
248,403
248,418
249,250
249,251
249,300
249,304
249,303
249,314
249,316
249,329
249,374
249,379
249,408
250,251
250,254
250,252
250,272
250,280
250,291
250,295
250,303
250,326
250,373
250,381
250,405
250,406
250,414
251,269
251,302
251,312
251,313
251,316
251,325
251,334
251,337
251,350
251,391
251,388
251,392
251,396
251,400
251,412
251,419
252,253
252,254
252,255
252,256
252,257
252,258
252,274
252,288
252,305
252,312
252,321
252,331
252,329
252,341
252,350
252,374
252,394
252,405
252,413
253,254
253,255
253,256
253,257
253,258
253,264
253,268
253,266
253,302
253,304
253,308
253,320
253,326
253,323
253,354
253,371
253,382
253,395
253,401
253,412
253,409
253,416
254,255
254,256
254,257
254,258
254,261
254,271
254,282
254,295
254,308
254,345
254,343
254,368
254,380
254,385
255,256
255,257
255,258
255,262
255,277
255,274
255,281
255,300
255,298
255,333
255,338
255,346
255,358
255,370
255,371
255,379
255,389
255,391
255,393
255,392
255,409
255,408
256,257
256,258
256,269
256,266
256,274
256,282
256,287
256,322
256,340
256,350
256,360
256,367
256,383
256,388
256,401
256,404
257,258
257,274
257,285
257,292
257,291
257,315
257,328
257,333
257,338
257,341
257,349
257,348
257,362
257,365
257,368
257,380
257,386
257,399
257,408
257,415
258,261
258,290
258,296
258,300
258,304
258,312
258,320
258,323
258,329
258,352
258,360
258,375
258,374
258,417
258,416
259,260
259,261
259,262
259,263
259,264
259,265
259,280
259,289
259,302
259,318
259,319
259,330
259,348
259,363
259,367
259,377
259,374
259,405
259,404
259,409
260,261
260,262
260,263
260,264
260,265
260,288
260,304
260,312
260,325
260,327
260,343
260,381
260,391
260,398
260,402
260,413
260,415
261,262
261,263
261,264
261,265
261,267
261,273
261,283
261,292
261,300
261,314
261,310
261,308
261,322
261,328
261,338
261,347
261,352
261,370
261,384
261,391
261,401
261,406
262,263
262,264
262,265
262,274
262,290
262,299
262,313
262,335
262,353
262,360
262,362
262,381
262,387
262,395
262,409
262,407
262,417
262,414
263,264
263,265
263,272
263,290
263,299
263,320
263,318
263,341
263,337
263,345
263,351
263,359
263,377
263,390
263,393
263,396
263,405
264,265
264,268
264,278
264,305
264,307
264,319
264,322
264,332
264,345
264,351
264,355
264,362
264,365
264,364
264,371
264,378
264,393
264,410
264,413
265,268
265,269
265,275
265,278
265,283
265,300
265,303
265,335
265,332
265,339
265,336
265,364
265,371
265,384
266,267
266,268
266,269
266,270
266,271
266,272
266,278
266,282
266,296
266,297
266,307
266,308
266,309
266,315
266,318
266,328
266,338
266,353
266,354
266,365
266,380
266,394
266,408
267,268
267,269
267,270
267,271
267,272
267,291
267,300
267,310
267,316
267,341
267,360
267,369
267,374
267,376
267,378
267,387
267,399
267,400
267,411
267,416
268,269
268,270
268,271
268,272
268,283
268,323
268,329
268,333
268,351
268,369
268,378
268,398
268,393
268,400
268,411
268,413
268,419
269,270
269,271
269,272
269,276
269,282
269,297
269,303
269,319
269,320
269,324
269,329
269,349
269,353
269,351
269,371
269,389
269,409
270,271
270,272
270,273
270,284
270,301
270,323
270,324
270,345
270,349
270,362
270,366
270,370
270,374
270,395
270,405
270,414
271,272
271,279
271,291
271,292
271,304
271,335
271,347
271,348
271,358
271,383
271,385
272,286
272,292
272,301
272,311
272,309
272,329
272,339
272,358
272,362
272,383
272,391
272,396
272,399
272,410
272,416
273,274
273,275
273,276
273,277
273,278
273,279
273,304
273,313
273,325
273,324
273,364
273,371
273,375
273,385
273,398
273,403
274,275
274,276
274,277
274,278
274,279
274,286
274,290
274,299
274,304
274,313
274,314
274,316
274,345
274,351
274,369
274,381
274,389
274,411
274,416
274,414
275,276
275,277
275,278
275,279
275,282
275,294
275,298
275,330
275,331
275,336
275,347
275,349
275,350
275,354
275,394
275,400
275,401
275,410
275,413
276,277
276,278
276,279
276,285
276,291
276,302
276,306
276,308
276,320
276,316
276,323
276,342
276,357
276,363
276,372
276,379
276,382
276,412
277,278
277,279
277,284
277,293
277,297
277,311
277,317
277,328
277,322
277,335
277,344
277,343
277,353
277,364
277,368
277,371
277,386
277,398
277,413
278,279
278,290
278,302
278,318
278,330
278,337
278,361
278,358
278,382
278,380
278,387
278,395
278,402
278,403
278,409
278,407
279,292
279,299
279,332
279,341
279,338
279,356
279,360
279,367
279,372
279,386
279,398
279,417
280,281
280,282
280,283
280,284
280,285
280,286
280,315
280,328
280,334
280,336
280,345
280,352
280,390
280,400
280,406
280,411
280,417
281,282
281,283
281,284
281,285
281,286
281,301
281,311
281,329
281,353
281,359
281,374
281,399
282,283
282,284
282,285
282,286
282,293
282,292
282,299
282,301
282,316
282,340
282,386
282,392
282,396
282,399
282,409
283,284
283,285
283,286
283,293
283,292
283,296
283,301
283,312
283,320
283,341
283,349
283,364
283,366
283,367
283,377
283,387
283,388
283,390
283,397
283,413
284,285
284,286
284,297
284,307
284,308
284,319
284,323
284,322
284,326
284,333
284,338
284,349
284,362
284,370
284,376
284,404
284,400
284,413
284,416
285,286
285,288
285,299
285,294
285,302
285,319
285,347
285,351
285,352
285,359
285,373
285,383
285,380
285,394
285,408
286,309
286,325
286,333
286,331
286,336
286,349
286,352
286,360
286,361
286,371
286,381
286,378
286,408
287,288
287,289
287,290
287,291
287,292
287,293
287,307
287,326
287,323
287,360
287,362
287,365
287,372
287,379
287,391
287,394
287,406
287,418
288,289
288,290
288,291
288,292
288,293
288,300
288,310
288,309
288,314
288,308
288,320
288,319
288,330
288,341
288,349
288,353
288,351
288,367
288,382
288,397
288,393
288,399
288,404
288,411
288,415
289,290
289,291
289,292
289,293
289,331
289,346
289,366
290,291
290,292
290,293
290,300
290,305
290,318
290,322
290,342
290,349
290,372
290,378
290,417
290,418
291,292
291,293
291,294
291,306
291,319
291,337
291,349
291,359
291,370
291,369
291,372
291,373
291,387
291,397
291,396
291,403
291,408
291,415
292,293
292,302
292,301
292,326
292,333
292,329
292,332
292,336
292,356
292,363
292,372
292,382
292,388
292,402
293,295
293,313
293,338
293,349
293,353
293,356
293,358
293,380
293,387
293,390
293,401
293,406
294,295
294,296
294,297
294,298
294,299
294,300
294,301
294,309
294,314
294,324
294,330
294,347
294,353
294,357
294,364
294,379
294,391
294,385
294,393
294,416
294,418
295,296
295,297
295,298
295,299
295,300
295,307
295,316
295,334
295,338
295,355
295,386
295,397
295,410
296,297
296,298
296,299
296,300
296,304
296,312
296,314
296,332
296,341
296,351
296,377
296,389
296,412
297,298
297,299
297,300
297,302
297,311
297,321
297,318
297,325
297,328
297,338
297,348
297,347
297,368
297,376
297,381
297,386
297,394
297,395
297,407
297,416
298,299
298,300
298,315
298,332
298,336
298,348
298,358
298,374
298,379
298,378
298,399
298,402
298,408
298,417
299,300
299,305
299,316
299,325
299,349
299,363
299,362
299,366
299,374
299,394
299,404
299,402
300,326
300,332
300,350
300,352
300,357
300,370
300,372
300,380
300,404
300,408
300,416
301,302
301,303
301,304
301,305
301,306
301,307
301,318
301,316
301,325
301,342
301,348
301,356
301,352
301,360
301,384
301,405
301,409
301,418
301,416
301,419
302,303
302,304
302,305
302,306
302,307
302,314
302,310
302,330
302,348
302,347
302,352
302,366
302,384
302,394
302,396
302,408
302,406
303,304
303,305
303,306
303,307
303,309
303,316
303,342
303,360
303,391
303,398
303,401
303,412
304,305
304,306
304,307
304,319
304,326
304,340
304,343
304,348
304,355
304,366
304,376
304,375
304,391
304,394
305,306
305,307
305,319
305,324
305,333
305,355
305,376
305,375
305,380
305,387
305,399
305,410
305,413
306,307
306,309
306,310
306,326
306,333
306,337
306,360
306,359
306,365
306,368
306,384
306,391
306,396
306,405
306,419
307,327
307,333
307,357
307,370
307,372
307,381
307,389
308,309
308,310
308,311
308,312
308,313
308,314
308,335
308,339
308,341
308,345
308,350
308,354
308,373
308,379
308,378
308,384
308,403
309,310
309,311
309,312
309,313
309,314
309,321
309,331
309,340
309,336
309,345
309,355
309,362
309,361
309,368
309,370
309,374
309,384
309,412
309,419
310,311
310,312
310,313
310,314
310,324
310,323
310,322
310,355
310,357
310,396
310,400
310,408
310,418
310,416
311,312
311,313
311,314
311,317
311,333
311,341
311,346
311,345
311,364
311,385
311,396
312,313
312,314
312,326
312,332
312,351
312,358
312,366
312,371
312,386
312,398
312,396
312,403
312,399
312,404
312,416
313,314
313,326
313,346
313,361
313,376
313,378
313,387
313,386
313,411
314,315
314,320
314,316
314,370
314,374
314,412
314,406
314,414
315,316
315,317
315,318
315,319
315,320
315,321
315,333
315,330
315,340
315,338
315,370
315,372
315,388
315,399
315,417
315,416
316,317
316,318
316,319
316,320
316,321
316,327
316,323
316,337
316,336
316,348
316,356
316,352
316,369
316,382
316,379
316,408
316,409
317,318
317,319
317,320
317,321
317,345
317,346
317,360
317,372
317,376
317,393
317,403
317,414
317,413
318,319
318,320
318,321
318,323
318,331
318,332
318,349
318,347
318,350
318,367
318,373
318,395
318,401
318,402
318,406
319,320
319,321
319,326
319,332
319,359
319,357
319,360
319,369
319,379
319,391
319,390
319,397
319,417
320,321
320,384
320,398
321,326
321,340
321,350
321,354
321,359
321,378
321,390
321,391
321,398
321,403
321,408
321,409
322,323
322,324
322,325
322,326
322,327
322,328
322,331
322,335
322,346
322,352
322,350
322,358
322,362
322,364
322,381
322,382
322,387
322,411
322,407
323,324
323,325
323,326
323,327
323,328
323,342
323,360
323,364
323,370
323,394
323,404
324,325
324,326
324,327
324,328
324,330
324,357
324,366
324,383
324,404
324,403
324,406
324,413
324,417
325,326
325,327
325,328
325,336
325,351
325,353
325,355
325,374
325,383
325,385
325,394
325,404
325,411
326,327
326,328
326,339
326,347
326,362
326,371
326,377
326,382
326,385
327,328
327,336
327,389
327,393
327,399
327,412
328,334
328,336
328,349
328,344
328,343
328,364
328,376
328,375
328,385
328,396
328,415
328,413
329,330
329,331
329,332
329,333
329,334
329,335
329,348
329,345
329,351
329,363
329,361
329,365
329,377
329,396
329,404
329,407
330,331
330,332
330,333
330,334
330,335
330,336
330,346
330,354
330,362
330,366
330,370
330,380
330,378
330,396
331,332
331,333
331,334
331,335
331,352
331,365
331,376
331,416
331,413
332,333
332,334
332,335
332,337
332,343
332,353
332,357
332,369
332,389
332,387
332,395
332,398
332,416
332,414
333,334
333,335
333,350
333,360
333,373
333,383
333,396
333,408
333,412
334,335
334,340
334,337
334,344
334,373
334,401
334,405
334,409
335,341
335,375
335,378
335,388
335,386
335,390
335,404
335,417
336,337
336,338
336,339
336,340
336,341
336,342
336,343
336,352
336,357
336,362
336,374
336,371
336,393
336,402
336,414
337,338
337,339
337,340
337,341
337,342
337,345
337,360
337,378
337,379
337,386
337,407
337,414
338,339
338,340
338,341
338,342
338,344
338,350
338,366
338,381
338,388
338,394
338,407
338,414
339,340
339,341
339,342
339,351
339,366
339,385
339,395
339,393
339,403
339,400
339,408
339,411
339,419
340,341
340,342
340,344
340,356
340,359
340,370
340,378
340,396
340,403
341,342
341,343
341,352
341,361
341,376
341,387
341,401
342,366
342,370
342,376
342,378
342,387
342,417
343,344
343,345
343,346
343,347
343,348
343,349
343,355
343,373
343,383
343,402
344,345
344,346
344,347
344,348
344,349
344,352
344,360
344,371
344,377
344,375
344,383
344,388
344,389
344,392
344,407
344,406
344,416
344,417
345,346
345,347
345,348
345,349
345,359
345,368
346,347
346,348
346,349
346,354
346,381
346,397
346,415
347,348
347,349
347,350
347,353
347,359
347,366
347,384
347,380
347,391
347,396
347,405
347,410
347,418
348,349
348,361
348,366
348,369
348,401
348,408
348,412
348,418
349,357
349,367
349,375
349,390
349,387
349,398
349,394
349,404
349,400
350,351
350,352
350,353
350,354
350,355
350,356
350,363
350,373
350,382
350,414
350,413
351,352
351,353
351,354
351,355
351,356
351,364
351,374
351,386
351,394
351,397
351,399
351,410
352,353
352,354
352,355
352,356
352,386
353,354
353,355
353,356
353,370
353,372
353,379
353,381
353,389
353,397
353,399
354,355
354,356
354,358
354,364
354,375
354,395
354,404
354,409
355,356
355,366
355,379
355,389
355,406
355,409
355,416
356,359
356,360
356,370
356,374
356,378
356,394
356,403
356,401
356,408
356,415
356,414
357,358
357,359
357,360
357,361
357,362
357,363
357,367
357,387
357,411
357,418
358,359
358,360
358,361
358,362
358,363
358,365
358,376
358,382
359,360
359,361
359,362
359,363
359,394
359,402
359,411
359,415
360,361
360,362
360,363
360,374
360,403
360,418
361,362
361,363
361,370
361,373
361,371
361,379
361,389
361,387
361,386
361,405
361,419
362,363
362,374
362,378
362,380
362,387
362,397
362,392
362,403
362,409
362,412
363,364
363,383
363,396
363,393
363,400
363,406
363,416
364,365
364,366
364,367
364,368
364,369
364,370
364,386
364,387
364,399
364,402
364,407
364,417
365,366
365,367
365,368
365,369
365,370
365,376
365,385
365,396
365,405
365,403
365,407
366,367
366,368
366,369
366,370
366,378
366,395
367,368
367,369
367,370
367,373
367,385
367,397
367,409
367,408
367,414
367,419
368,369
368,370
368,376
368,381
368,394
369,370
369,418
370,376
370,371
370,384
370,379
370,378
370,386
370,397
370,399
370,406
370,415
371,372
371,373
371,374
371,375
371,376
371,377
371,379
371,397
371,402
371,403
372,373
372,374
372,375
372,376
372,377
372,378
372,391
372,399
372,406
372,412
373,374
373,375
373,376
373,377
373,378
373,379
373,393
373,416
373,414
374,375
374,376
374,377
374,381
374,391
374,413
375,376
375,377
375,385
375,394
375,396
375,400
375,408
376,377
376,403
376,412
376,417
377,390
377,391
377,398
377,406
377,414
378,379
378,380
378,381
378,382
378,383
378,384
378,397
378,403
378,413
379,380
379,381
379,382
379,383
379,384
379,398
379,407
380,381
380,382
380,383
380,384
380,387
380,395
380,400
380,411
380,413
381,382
381,383
381,384
381,387
381,393
381,402
381,405
382,383
382,384
382,394
382,409
382,413
383,384
383,390
383,403
383,408
384,406
384,419
384,413
385,386
385,387
385,388
385,389
385,390
385,391
385,396
385,410
385,414
386,387
386,388
386,389
386,390
386,391
386,393
386,405
387,388
387,389
387,390
387,391
387,407
387,413
388,389
388,390
388,391
388,399
388,411
388,417
389,390
389,391
389,407
389,419
390,391
390,392
390,403
390,405
390,417
391,395
391,392
391,400
391,407
392,393
392,394
392,395
392,396
392,397
392,398
392,400
392,399
393,394
393,395
393,396
393,397
393,398
393,405
393,412
393,416
394,395
394,396
394,397
394,398
394,407
394,406
394,408
394,417
395,396
395,397
395,398
395,402
395,414
395,416
396,397
396,398
397,398
397,405
397,410
398,415
399,400
399,401
399,402
399,403
399,404
399,405
399,408
399,414
400,401
400,402
400,403
400,404
400,405
401,402
401,403
401,404
401,405
401,413
402,403
402,404
402,405
402,408
402,406
403,404
403,405
404,405
404,419
404,416
405,409
405,408
405,416
406,407
406,408
406,409
406,410
406,411
406,412
406,413
407,408
407,409
407,410
407,411
407,412
408,409
408,410
408,411
408,412
409,410
409,411
409,412
409,418
410,411
410,412
410,415
410,419
411,412
411,414
413,414
413,415
413,416
413,417
413,418
413,419
414,415
414,416
414,417
414,418
414,419
415,416
415,417
415,418
415,419
416,417
416,418
416,419
417,418
417,419
418,419
