# Primero viene la cantidad (n) de timestamps para ambos, luego n líneas que son un timestamp aproximado cada uno separado por una coma (',') del error, y luego n lineas de las transacciones del sospechoso
100
871,32
368,36
700,90
386,21
141,92
86,80
83,44
833,57
917,65
797,20
756,53
786,42
474,41
933,15
857,54
579,87
936,28
432,31
481,54
32,9
836,60
492,92
773,33
230,23
469,61
259,61
905,84
235,58
961,94
326,59
363,62
621,18
187,100
958,32
373,42
32,80
455,39
104,57
522,88
279,94
350,5
969,71
219,76
3,72
892,44
341,75
213,71
378,87
694,84
168,14
718,80
288,67
23,79
230,5
942,35
401,93
649,8
381,71
732,17
851,26
12,75
182,98
495,23
104,32
704,39
108,100
427,97
572,36
114,60
983,77
8,89
753,91
248,69
254,10
223,91
457,34
376,20
723,16
220,71
491,18
178,96
823,79
166,17
231,20
745,81
522,33
450,85
463,69
153,31
358,70
828,25
319,89
320,50
9,96
876,70
302,96
291,48
871,84
142,2
729,99
-42
21
36
36
50
56
58
60
85
90
95
102
103
136
138
143
144
163
163
166
172
196
229
232
238
240
244
249
253
254
260
275
285
291
296
307
309
339
340
347
355
356
358
359
368
390
394
397
417
425
437
439
445
446
458
486
496
499
501
501
512
514
514
524
566
631
651
654
666
670
692
716
718
741
764
775
785
792
793
797
805
832
849
852
864
870
876
877
883
888
905
914
924
927
927
933
946
948
1041
1049
