# Primero viene la cantidad (n) de timestamps para ambos, luego n líneas que son un timestamp aproximado cada uno separado por una coma (',') del error, y luego n lineas de las transacciones del sospechoso
1000
6197,532
9782,892
8519,408
9804,96
5263,916
5116,431
9696,351
8719,384
5075,425
3669,17
1003,470
3704,930
4665,497
6291,247
140,133
908,425
4630,607
9103,233
9058,37
1335,970
6452,402
4552,913
8763,886
1098,756
2576,984
3791,625
3585,754
6184,927
723,42
4406,547
2000,40
7218,173
4732,133
6449,177
2603,295
1928,661
5816,642
4099,986
3434,755
76,992
7822,822
2948,335
6023,522
5362,566
6520,403
6738,415
8333,888
6298,705
3362,240
5085,940
324,465
3172,508
7367,617
6981,371
6264,834
2871,394
1752,731
6227,441
4325,642
6245,587
6364,338
1662,496
2211,572
8796,724
5613,591
7541,423
5653,803
5229,552
8641,899
1509,465
9041,970
1283,352
8728,399
9650,532
4060,962
9671,291
4505,453
4296,302
8774,457
355,462
9130,177
3200,825
8548,732
2912,559
9048,714
2442,220
331,390
9498,461
443,819
6583,823
9932,501
207,187
1124,756
1259,163
7180,328
9769,597
7275,878
1834,67
7500,644
4578,825
6450,710
9844,46
6591,821
6925,502
2712,352
3649,908
6673,965
6841,931
7074,670
9865,18
3962,519
1822,266
4884,375
2265,774
9113,291
3648,589
4150,227
4591,448
5769,873
9542,79
7612,80
6631,224
4254,527
546,740
7336,476
6457,321
2551,398
8250,99
2354,634
1629,484
9197,88
5485,938
5725,57
5416,278
6815,715
2041,302
3061,920
637,468
9084,269
176,199
9366,814
1689,61
6058,636
2370,928
6951,866
5775,883
9538,377
3006,544
2973,293
9783,907
7503,120
3644,461
4361,512
3385,252
7244,119
5455,94
8940,358
343,200
7198,520
677,240
4659,216
201,368
9324,610
4905,341
7245,146
7287,758
7168,664
6840,478
5245,617
7957,652
3031,149
3195,564
1981,375
8198,979
4945,349
6783,694
4575,212
4093,786
1084,558
3571,970
8841,725
7735,316
8424,13
6846,12
6388,711
5269,890
2876,504
5555,648
7813,777
2334,520
6435,452
6705,325
6551,239
4679,821
3734,279
2708,193
6468,411
28,971
984,742
4267,727
8476,782
9379,457
6616,508
2512,29
8607,693
5361,635
5790,3
8850,835
4376,823
1849,528
2407,270
2332,686
1170,388
4090,926
2325,263
6318,838
2669,678
6453,931
6858,282
9605,373
6019,730
4359,14
5536,605
1852,605
9887,707
5807,988
5732,236
3877,814
4695,233
6525,351
6034,81
3211,671
1085,809
6893,641
987,751
802,370
421,964
3486,8
5110,993
563,126
5818,656
2539,360
5261,592
6002,3
279,523
4915,356
7784,417
5797,629
2911,462
1789,1
5569,270
1063,231
4514,755
4976,71
6696,951
9962,306
1652,890
1647,713
1303,352
5673,529
1673,147
5091,300
8384,520
7967,724
3700,632
7625,304
2338,426
2588,138
1227,371
9969,652
6843,49
3937,700
3028,158
1479,32
4178,809
4728,95
4101,80
4620,477
5921,878
7326,558
5486,637
3533,577
1104,545
7463,380
6952,692
1200,20
6186,540
146,457
709,955
4636,349
8716,510
6740,380
479,989
7408,511
6041,958
302,786
9611,667
9654,859
9621,962
4539,788
976,394
5131,581
7942,758
5566,904
4672,894
8137,238
7939,906
8201,452
9938,791
1981,82
9251,703
5039,934
2003,626
1778,130
631,900
9215,564
665,145
4585,239
4000,787
7970,712
1155,71
7728,316
2446,735
6977,411
2832,833
2991,99
8151,873
3817,96
8073,791
66,93
3135,197
1726,930
5259,914
7046,766
6180,832
4739,16
654,975
3348,226
2568,5
7829,506
6970,406
7538,778
225,632
2424,790
5643,892
1546,538
7417,681
1658,10
3394,477
2548,536
5526,52
3561,453
4324,764
3626,424
2965,740
9594,559
7325,36
5607,770
7224,392
5484,970
7292,432
9267,689
6212,795
2095,47
2701,301
8126,379
28,955
6348,641
477,271
4568,85
4316,706
9014,242
9407,756
8117,272
7902,794
9003,219
7878,677
3762,439
1105,453
6293,281
2564,268
7327,469
9132,914
2234,472
1866,651
3428,482
9995,76
6913,299
1229,197
9583,639
7144,567
1270,723
6085,751
8550,614
600,429
2978,698
3201,827
7122,249
1345,482
2357,258
666,827
7108,583
2043,62
6195,261
8827,914
5190,538
6984,174
9578,498
4027,868
3251,398
8748,459
2653,825
9289,922
469,209
2540,112
4066,857
8743,391
8096,512
5968,259
1458,468
2532,30
2259,275
1354,591
7525,387
9884,453
4320,338
5150,551
3316,196
140,815
1606,680
9047,151
4119,298
336,642
2798,283
5227,512
7267,894
3042,342
6510,384
2583,543
3711,743
1072,501
6858,244
7192,452
8478,461
4206,122
6178,919
7850,478
1734,479
652,11
9994,366
9329,68
9667,742
7593,939
533,523
7571,834
5927,690
5296,165
8347,280
787,37
1139,116
6483,983
2866,823
4116,583
6803,364
2548,897
1948,279
4883,739
2184,889
3211,975
5151,737
6701,635
8075,827
4409,920
2189,691
1748,671
3556,80
2099,475
7980,391
1969,402
7459,873
6138,561
1754,547
9237,785
3722,146
2095,568
3685,237
2414,649
9718,344
8188,889
1621,480
2741,26
5324,855
8253,697
5366,690
4088,982
714,110
5243,547
3176,352
371,322
419,880
5951,423
5530,486
4757,527
4558,506
174,129
6998,945
7369,585
6933,270
9184,124
6673,50
1408,21
7880,934
8279,363
8461,223
2577,214
1746,173
3701,399
8671,543
8096,933
5716,288
7797,785
9404,261
1719,103
3615,476
9301,266
536,872
440,893
1698,956
6818,299
438,386
9260,980
7847,658
6926,248
4279,907
4280,65
9534,551
2253,534
4059,482
3986,212
9591,149
2289,61
4474,60
9060,844
7009,445
4268,425
1791,974
3148,408
3134,217
7140,723
4850,851
2012,477
5933,696
6849,575
3783,37
8578,756
5777,623
8424,29
9203,867
4412,830
6982,798
6157,380
8004,591
2677,738
3442,244
1846,802
3328,306
150,432
381,694
1481,957
6721,830
3956,750
2005,76
3426,952
4847,322
2807,864
7596,504
8325,809
5545,282
9924,308
4970,892
3271,722
3034,209
1226,32
9221,325
8117,666
5029,373
6205,23
4483,396
4281,818
9373,41
5470,865
824,905
6822,931
4906,1
4587,108
5665,47
7644,732
3999,206
860,831
7061,480
9252,404
6475,343
2065,180
2512,553
609,378
1115,625
1385,986
4309,654
419,360
5610,804
1631,469
2556,671
5788,842
3091,654
2168,750
2807,324
8722,541
3856,713
4324,828
2935,718
5928,474
3357,16
1406,490
8183,793
8678,845
7229,704
1687,88
5619,914
5455,45
6566,644
423,989
5176,739
2872,374
6101,312
6717,912
5536,13
9653,328
3251,203
5015,71
4609,750
9326,197
8131,702
5251,155
8839,474
4514,940
476,202
313,366
6572,852
1662,273
5852,454
1943,266
7245,981
9429,823
5018,879
223,858
4682,96
9106,862
9220,604
9927,326
5015,41
1693,477
3840,348
7957,58
361,246
6787,369
8581,164
8726,599
1437,75
9619,37
480,626
6924,412
5531,86
9481,932
4446,417
8221,790
4932,690
188,605
5896,703
9923,77
1753,330
8150,371
4606,655
6058,638
1163,654
7615,402
5312,794
400,210
4028,6
9345,417
2617,235
8537,301
5974,738
3742,849
8573,764
3903,193
5116,76
4415,916
4159,23
7091,690
7453,716
719,757
6094,390
9706,591
6897,122
8374,272
8021,972
4393,694
3062,274
9738,39
9864,703
654,756
8805,528
1659,2
3982,732
3074,757
2824,23
8813,347
1447,502
7589,213
7511,344
9646,599
1816,705
5622,30
6130,282
356,207
3129,393
2718,531
5100,311
8202,203
8027,952
4655,700
2578,976
2667,871
3916,932
302,373
3345,82
6605,503
2713,455
237,555
1586,942
6365,631
3007,678
7685,45
3943,920
2411,91
1331,353
627,35
9786,121
4901,296
8985,609
2350,884
2763,569
6021,848
6330,313
5309,612
6878,680
1852,654
9742,19
1904,652
6075,871
8986,467
4301,959
6565,679
5471,440
1130,675
2508,450
5214,683
7156,176
3803,741
9981,379
2867,642
2102,267
3115,692
2706,205
1018,929
2091,742
2386,631
843,241
2276,978
3278,713
5532,283
2471,814
2250,283
2486,546
9020,88
5616,149
2100,445
5866,828
5558,956
130,606
4408,705
5372,17
8125,331
1908,56
4876,704
3444,915
7178,212
6854,473
8101,418
6537,936
1815,562
4705,401
3810,416
9030,690
2236,65
3674,839
5585,539
8841,849
3295,350
9885,408
7222,456
511,868
7189,141
6814,720
7844,763
1500,788
3096,895
1751,285
8576,434
2851,263
8587,69
6821,573
9746,622
4457,260
1130,867
7164,280
8525,304
7162,753
5009,507
1215,306
5129,436
9161,866
3587,468
2161,460
9156,163
3812,724
1568,191
2716,509
3240,827
6460,187
6623,897
642,225
9665,863
6983,183
9242,299
7586,97
5172,88
7617,280
1650,386
9100,413
9349,628
401,772
7470,902
8705,681
3234,398
1935,988
3522,265
4319,598
8477,867
3944,376
2743,420
2019,671
4920,334
2023,424
3262,946
853,607
2740,726
361,315
4377,774
2620,795
1901,95
1698,5
6124,1
724,868
2612,536
9089,901
6165,998
2604,288
2504,836
7306,565
974,3
9683,873
7750,380
4373,533
1431,277
9179,775
7448,128
4690,647
2446,921
6229,795
4318,182
9631,237
2226,35
8063,680
3252,475
5991,488
3690,744
7261,146
8927,67
3804,933
482,196
7348,364
6893,305
9425,401
2735,857
5097,273
8361,807
3725,981
2791,743
1371,395
8170,681
1348,928
9495,928
791,463
3674,53
1280,27
7058,953
304,221
5201,159
3131,647
9296,612
7484,404
8209,61
183,804
6854,789
609,734
6154,703
3226,934
37,255
7415,769
3828,755
96,406
3828,63
30,753
9012,836
3215,512
9003,146
7880,618
9642,294
7756,222
3565,244
7198,491
394,683
6809,142
6152,299
2290,849
4568,413
9674,188
7520,787
3914,972
8145,367
5714,103
3226,896
7529,243
8685,559
6732,791
6129,67
7338,768
2436,869
4187,638
600,644
9755,912
1771,728
7786,502
8783,274
2834,208
9973,695
2165,581
2685,642
5108,332
989,802
2812,923
2447,963
8659,969
3229,373
9824,96
8208,860
6234,673
4041,112
9565,241
4474,408
1666,809
7881,371
4393,726
7672,974
285,630
9307,58
1025,410
3306,421
6343,157
6663,832
3170,462
678,833
5139,556
1277,183
2556,515
5139,612
6692,364
4398,918
571,389
-555
-471
-434
-220
-216
-175
-149
-139
-130
-102
-88
-83
-67
-3
-1
1
7
14
24
27
58
81
179
207
209
221
241
242
273
274
274
276
285
286
298
299
306
318
323
347
356
361
368
378
380
392
394
401
406
425
486
495
531
545
557
563
573
589
611
624
629
639
641
642
649
651
651
661
674
676
687
689
710
722
724
728
740
760
768
775
783
786
792
802
802
815
819
832
850
866
900
969
974
1014
1034
1045
1053
1065
1065
1068
1069
1088
1105
1121
1186
1186
1189
1191
1197
1200
1202
1205
1205
1232
1252
1260
1261
1267
1282
1295
1301
1305
1307
1313
1354
1375
1403
1436
1437
1456
1469
1471
1475
1480
1500
1500
1503
1511
1511
1537
1542
1543
1586
1601
1601
1605
1610
1622
1629
1638
1654
1656
1660
1661
1665
1671
1675
1675
1679
1681
1685
1691
1694
1695
1698
1705
1715
1729
1745
1749
1759
1771
1773
1782
1782
1788
1788
1789
1796
1808
1810
1829
1837
1843
1863
1878
1901
1902
1926
1928
1946
1956
1980
1986
1988
1999
2015
2022
2035
2038
2042
2042
2044
2058
2058
2078
2087
2094
2111
2114
2114
2123
2144
2146
2152
2153
2159
2169
2172
2174
2177
2185
2186
2192
2199
2200
2200
2207
2209
2230
2235
2242
2251
2252
2259
2268
2286
2343
2348
2353
2353
2354
2355
2362
2383
2408
2415
2418
2423
2423
2431
2457
2461
2463
2467
2467
2469
2478
2489
2492
2494
2508
2508
2520
2532
2534
2541
2545
2555
2564
2569
2569
2585
2657
2661
2674
2687
2688
2701
2720
2722
2746
2749
2767
2778
2793
2798
2801
2808
2816
2819
2824
2825
2829
2829
2846
2865
2866
2872
2886
2889
2898
2899
2911
2922
2925
2933
2938
2941
2943
2947
2947
2955
2959
2961
2984
2990
2992
3007
3041
3045
3075
3077
3086
3089
3117
3123
3128
3140
3146
3174
3179
3188
3188
3218
3222
3223
3223
3235
3238
3246
3253
3278
3310
3316
3329
3340
3342
3344
3349
3354
3354
3365
3391
3391
3406
3407
3413
3456
3468
3488
3492
3494
3512
3515
3532
3535
3537
3550
3580
3603
3606
3612
3644
3659
3663
3675
3688
3703
3707
3719
3739
3757
3759
3784
3784
3786
3814
3817
3828
3831
3833
3863
3891
3900
3934
3937
3956
3958
3982
3996
4016
4026
4029
4029
4033
4037
4049
4050
4051
4064
4064
4067
4075
4085
4097
4119
4129
4137
4147
4152
4155
4177
4180
4197
4205
4223
4241
4261
4276
4282
4294
4296
4311
4319
4319
4322
4331
4338
4347
4347
4350
4369
4370
4380
4391
4426
4438
4468
4499
4504
4538
4541
4547
4574
4578
4579
4584
4594
4612
4617
4624
4627
4637
4639
4642
4649
4652
4653
4654
4692
4694
4699
4701
4707
4717
4722
4729
4735
4738
4769
4770
4774
4792
4796
4804
4807
4845
4848
4850
4851
4851
4862
4873
4881
4882
4893
4899
4901
4903
4906
4910
4937
4968
4973
4982
4983
5011
5014
5037
5037
5039
5056
5069
5082
5094
5096
5116
5121
5123
5137
5137
5140
5145
5153
5153
5158
5160
5161
5169
5172
5188
5206
5233
5235
5236
5242
5253
5264
5266
5266
5275
5292
5301
5313
5319
5322
5342
5365
5381
5391
5393
5405
5412
5425
5425
5433
5461
5461
5486
5499
5502
5506
5528
5529
5536
5552
5552
5570
5571
5575
5606
5607
5609
5621
5624
5644
5646
5653
5658
5680
5694
5696
5709
5711
5729
5731
5733
5766
5784
5793
5796
5817
5852
5858
5868
5876
5880
5885
5903
5953
5961
5962
5979
5979
5981
5987
5994
6004
6040
6043
6059
6064
6068
6075
6093
6107
6110
6113
6125
6132
6136
6141
6143
6191
6221
6236
6242
6253
6258
6268
6280
6301
6306
6345
6345
6351
6373
6378
6381
6385
6402
6415
6415
6418
6425
6462
6464
6473
6476
6496
6496
6505
6511
6512
6540
6552
6578
6583
6589
6591
6594
6598
6617
6628
6644
6653
6671
6677
6679
6683
6685
6710
6712
6714
6723
6754
6762
6771
6779
6782
6787
6793
6807
6820
6834
6836
6841
6894
6896
6898
6901
6903
6912
6913
6928
6939
6941
6949
6953
6953
6960
6968
6971
6972
6987
6988
6995
6999
7003
7026
7028
7029
7048
7052
7056
7060
7061
7065
7089
7089
7094
7102
7110
7113
7126
7142
7144
7149
7158
7159
7162
7164
7180
7190
7209
7227
7243
7244
7254
7255
7269
7270
7287
7289
7293
7297
7315
7318
7325
7336
7342
7353
7363
7376
7384
7386
7393
7395
7399
7408
7424
7427
7429
7441
7446
7446
7458
7507
7550
7566
7573
7579
7587
7599
7601
7611
7629
7645
7647
7666
7670
7689
7701
7711
7715
7733
7733
7742
7743
7745
7745
7775
7791
7796
7805
7818
7873
7882
7892
7914
7918
7925
7947
7963
7970
7975
7988
7993
8011
8011
8040
8048
8081
8088
8093
8094
8095
8122
8210
8226
8230
8241
8243
8247
8259
8259
8266
8279
8300
8307
8309
8312
8326
8328
8331
8364
8370
8375
8376
8395
8399
8402
8409
8411
8412
8430
8431
8454
8467
8469
8471
8531
8543
8547
8553
8555
8556
8570
8589
8591
8626
8637
8647
8658
8659
8670
8679
8694
8715
8734
8746
8754
8764
8781
8814
8823
8828
8864
8871
8879
8909
8917
8922
8945
8959
8965
8977
8999
9002
9018
9026
9030
9037
9042
9048
9063
9068
9072
9072
9075
9079
9079
9081
9082
9094
9095
9096
9112
9113
9119
9149
9167
9179
9185
9197
9203
9217
9250
9269
9280
9288
9291
9299
9299
9302
9309
9310
9320
9334
9343
9355
9380
9391
9403
9409
9422
9430
9444
9444
9467
9475
9511
9513
9522
9525
9543
9545
9575
9578
9586
9594
9606
9612
9620
9631
9637
9639
9664
9668
9682
9686
9687
9699
9700
9720
9735
9736
9739
9745
9760
9766
9785
9785
9802
9809
9830
9834
9845
9854
9863
9864
9865
9879
9881
9896
9947
9964
9970
10000
10119
10120
10156
10227
10273
10279
10303
10458
10511
10536
