# Primero viene la cantidad (n) de timestamps para ambos, luego n líneas que son un timestamp aproximado cada uno separado por una coma (',') del error, y luego n lineas de las transacciones del sospechoso
50
871,20
329,77
313,26
950,56
450,79
387,18
603,72
953,89
226,38
976,60
469,23
718,82
845,34
882,44
807,12
591,21
488,37
568,92
198,6
753,50
328,25
522,89
251,44
915,41
76,71
82,47
924,86
837,61
912,91
505,99
309,97
510,8
123,26
544,65
254,12
195,26
911,33
302,8
919,68
398,7
263,97
389,2
646,54
727,96
325,83
19,50
97,84
524,81
511,35
762,81
-9
36
65
92
114
204
207
222
230
265
267
277
301
313
337
343
347
391
399
401
470
475
481
485
501
510
524
542
553
572
575
591
636
675
687
766
789
793
809
854
871
874
877
910
931
937
940
955
985
1006
