# Primero viene la cantidad (n) de timestamps para ambos, luego n líneas que son un timestamp aproximado cada uno separado por una coma (',') del error, y luego n lineas de las transacciones del sospechoso
500
536,40
267,14
491,22
208,55
921,85
965,34
705,69
656,36
405,58
705,7
796,23
122,42
653,20
67,19
476,45
265,37
471,87
312,1
848,64
382,68
978,17
181,27
1,47
910,49
570,30
641,59
747,52
46,33
136,77
302,23
841,61
929,50
965,12
770,36
191,70
185,10
754,37
752,31
53,88
425,93
657,85
5,61
208,26
501,73
208,72
488,58
506,69
674,28
627,86
684,52
156,98
406,30
986,49
239,46
731,10
701,31
151,5
753,62
807,27
103,83
228,90
290,67
755,19
743,89
297,12
234,98
555,14
719,47
88,3
11,12
917,47
386,85
967,13
587,56
849,91
268,88
128,22
633,76
658,7
672,1
49,32
959,59
699,3
945,53
239,57
461,92
689,62
989,59
408,49
297,56
201,3
667,62
895,11
755,55
961,94
877,44
270,79
706,94
50,35
827,21
441,92
230,7
462,59
943,95
79,91
483,19
579,73
699,19
773,27
206,96
860,80
417,25
570,87
858,71
876,8
528,16
608,67
323,74
652,94
737,72
597,94
650,46
778,36
954,74
106,90
556,88
625,94
4,35
938,25
677,90
349,75
53,96
308,8
760,7
791,3
295,37
831,45
663,53
555,90
971,80
383,58
138,9
693,16
311,47
598,56
420,2
77,30
352,6
991,53
152,80
603,47
513,97
733,73
527,26
970,5
26,55
665,56
505,48
391,74
123,79
988,38
428,18
70,37
122,77
81,1
263,13
156,81
219,93
589,22
180,96
779,33
453,21
364,33
259,9
941,14
894,29
758,1
824,18
966,66
967,51
142,78
434,69
800,36
58,55
855,63
968,81
473,17
729,1
518,88
524,99
127,59
73,1
540,3
928,44
804,64
439,2
240,20
469,100
665,61
192,73
664,87
70,29
687,6
310,82
55,95
67,46
686,60
699,80
61,24
134,24
534,37
223,60
277,24
340,68
747,18
766,23
730,5
845,49
266,99
747,26
818,11
838,79
149,65
245,34
6,67
671,22
716,72
410,53
823,56
991,50
461,26
21,95
867,75
567,57
270,11
80,23
599,25
37,38
780,59
58,27
26,18
498,67
977,87
925,41
620,57
184,75
672,23
873,93
515,8
885,29
144,12
66,22
143,18
851,97
731,60
925,73
4,57
203,27
824,56
529,22
985,99
84,92
19,93
609,38
999,11
467,42
675,49
486,5
839,20
317,53
562,43
579,2
325,35
349,49
584,37
117,7
667,21
324,42
211,83
629,6
746,54
603,11
57,18
10,13
374,41
245,14
942,18
78,95
218,89
958,34
202,54
91,20
259,76
892,59
38,43
303,45
193,5
453,67
609,22
25,37
4,48
471,25
242,53
195,43
264,78
16,12
138,67
315,23
779,61
942,70
869,73
823,50
340,19
270,8
775,32
460,21
411,57
25,61
256,64
723,66
200,22
633,33
184,95
527,78
521,25
643,65
737,72
393,55
4,77
338,79
408,47
399,36
598,65
270,61
470,52
154,40
469,97
180,25
206,49
529,75
233,57
32,76
372,89
32,42
826,46
999,69
411,46
444,98
218,9
705,54
984,8
104,24
115,47
661,65
799,60
550,53
268,55
912,82
541,63
151,64
769,58
265,99
735,11
797,69
351,15
303,2
431,28
896,12
450,38
905,21
818,21
102,80
711,91
287,91
228,76
326,4
491,30
878,13
155,22
898,36
706,42
141,4
255,92
337,27
408,24
4,54
218,87
371,86
214,26
221,87
809,88
924,21
161,70
474,97
300,49
855,74
312,29
214,85
449,50
902,55
811,17
650,49
351,7
71,31
804,89
5,92
133,2
56,89
435,98
892,68
208,65
928,80
594,97
562,2
240,49
837,4
316,56
286,30
725,41
256,79
550,2
890,76
472,95
764,78
76,64
293,75
465,44
969,96
93,89
152,10
587,41
32,49
155,58
481,81
926,11
988,81
998,17
244,1
663,12
990,72
721,9
91,46
395,76
729,64
293,99
512,50
696,87
435,80
788,42
956,26
161,34
525,18
819,64
983,59
529,50
58,90
463,8
844,67
476,15
888,25
542,46
273,55
68,62
820,6
336,94
264,90
507,15
947,6
632,20
515,55
379,44
231,77
731,52
188,47
449,24
48,28
795,85
617,22
136,6
633,92
908,11
421,85
501,39
48,55
551,78
420,20
53,89
673,74
599,63
715,31
623,28
97,8
282,55
561,59
218,86
307,9
385,56
312,62
744,43
297,22
-66
-63
-51
-40
-23
-9
-8
3
5
6
6
8
10
12
19
21
22
26
30
32
33
39
41
43
43
47
49
50
50
51
52
55
56
56
58
59
63
63
65
66
67
69
69
72
73
76
77
80
88
88
95
95
96
97
100
102
102
108
108
114
115
116
117
123
124
129
132
134
145
145
146
147
148
148
149
152
152
155
155
157
159
163
165
166
167
168
169
171
175
176
179
180
181
181
183
188
190
191
191
191
192
196
197
199
199
199
203
204
204
204
209
212
213
214
215
216
219
220
222
222
222
223
223
225
230
230
233
235
239
240
242
243
244
253
258
259
259
259
260
263
263
263
264
267
272
273
273
275
276
280
281
283
284
285
288
289
290
292
293
293
296
298
299
299
301
302
303
305
308
309
311
314
314
315
316
327
329
329
330
330
331
333
340
340
341
341
343
345
345
347
348
348
350
353
354
357
363
365
369
372
373
382
383
386
389
390
390
392
393
396
400
403
403
403
404
405
407
407
411
420
421
425
429
431
432
433
437
438
447
448
451
451
453
454
458
459
462
465
468
475
476
477
479
479
479
481
481
481
482
482
486
488
489
489
490
491
493
497
498
499
502
505
505
509
510
510
511
513
513
515
519
523
533
534
539
540
540
543
543
544
544
549
549
551
552
553
554
558
560
561
561
569
576
576
577
578
580
581
582
586
587
588
589
590
593
595
596
599
599
601
605
607
611
616
619
627
628
631
642
642
642
642
646
646
648
649
651
651
654
657
659
661
662
662
667
668
671
671
674
676
679
680
681
685
687
687
689
690
693
693
693
696
699
700
701
702
705
705
706
707
709
709
714
714
718
719
721
726
727
728
728
730
737
740
741
742
743
754
755
756
756
757
758
762
764
765
770
771
772
773
774
774
778
780
783
784
789
791
794
794
795
796
803
803
807
808
810
812
815
815
817
819
819
822
824
826
826
828
830
832
833
833
833
837
837
838
839
840
840
842
850
857
862
863
869
871
873
875
875
882
883
884
885
886
887
890
890
891
893
893
894
896
896
898
902
903
903
911
911
913
918
919
920
920
920
923
924
925
926
926
927
934
935
935
939
940
941
949
951
956
956
958
967
971
976
976
980
981
982
984
986
990
992
1007
1008
1013
1023
1029
1037
1038
