# Primero viene la cantidad (n) de timestamps para ambos, luego n líneas que son un timestamp aproximado cada uno separado por una coma (',') del error, y luego n lineas de las transacciones del sospechoso
5000
1649,442
5629,334
3363,54
9230,713
9518,905
1520,861
7498,915
3446,664
4699,569
5354,120
5280,704
7152,279
6,673
9653,618
7823,702
2753,133
8916,317
8263,986
639,850
9375,412
2262,955
6329,290
5651,234
211,843
3566,105
713,983
1032,379
3765,184
5251,626
4215,415
4195,834
9455,766
5036,677
4269,781
2309,152
4707,160
1996,137
1976,608
3450,53
4457,421
2798,157
1435,188
4950,405
4304,826
7149,420
3549,409
2851,433
2478,678
3634,4
5946,157
7066,639
9025,13
6873,543
963,737
260,412
365,73
1098,565
8154,658
4508,418
8059,736
3791,53
485,520
4004,703
1552,416
8009,430
5822,348
5086,637
9695,626
1227,312
4897,719
2863,948
3618,584
1817,377
8976,926
5226,48
3584,601
7999,110
6115,111
6030,127
1436,238
6791,885
6753,102
1517,387
6285,784
2796,197
9328,797
5026,245
4626,854
6778,598
1541,980
2210,786
9013,101
7831,877
9431,531
8998,790
1521,538
8878,731
7213,265
661,512
6464,564
6070,542
861,964
3535,110
7117,689
4999,400
9270,754
9501,827
1537,346
1442,576
1679,90
7460,576
7927,765
3,603
344,228
5772,172
5012,376
3527,974
6911,574
8108,452
5046,881
7126,698
5385,162
8318,244
9832,635
7777,918
3013,638
1328,254
2526,381
2312,45
3788,425
1813,476
182,422
8935,37
7360,396
5703,797
487,60
9055,968
5072,2
6974,475
8925,814
3817,617
4839,138
1680,76
1303,182
2786,952
3065,960
8539,642
9928,316
4958,136
9654,570
4667,372
1077,668
1690,609
6252,65
2276,141
6264,644
618,827
5737,242
7316,600
9811,606
8320,627
6613,758
8495,795
1005,461
4723,347
7600,996
7774,847
2351,235
9206,597
7099,108
8064,64
1193,951
7828,517
2319,459
1962,560
6357,47
2177,294
7876,22
2185,433
7158,399
8854,142
4789,981
8364,143
3038,174
4159,133
7939,97
9964,990
5650,614
2126,701
8863,61
9327,167
3550,570
5691,834
9828,640
8313,902
4146,287
580,470
3492,187
1902,348
8862,216
6520,672
2543,35
6423,35
5128,175
3178,258
2935,314
8071,798
8408,407
8887,126
1523,89
816,296
681,731
3744,977
3685,136
1955,981
9302,670
4020,655
6546,162
7926,742
5545,629
5363,407
4549,437
8211,356
5123,129
7903,246
5574,621
9145,841
4825,750
4057,287
2758,141
5451,509
4479,883
4072,539
6831,692
9043,635
2603,477
7859,113
8221,639
2554,265
9026,241
7210,153
7777,940
1188,97
3410,780
4253,628
6085,815
6143,149
8008,6
4423,574
5044,315
9896,611
2518,212
9871,730
3507,483
4299,986
3187,923
1480,383
2427,613
6984,899
3247,19
9718,426
9238,93
5410,684
1655,17
5511,317
6829,360
6379,938
9214,6
1813,484
4035,477
8233,423
607,95
3912,391
8080,666
5839,64
1848,403
8582,50
8424,169
4867,185
841,595
5080,693
9217,683
4819,750
487,969
6658,818
4661,799
1813,277
582,184
8905,649
7949,371
6446,283
442,538
8766,339
5432,985
9030,567
6156,480
2490,969
1221,743
5786,419
7903,807
9287,153
1575,53
8842,631
4389,374
3033,981
7170,189
6168,1
5879,623
632,923
1501,389
3181,978
7411,705
1733,656
2661,261
8901,852
8599,921
8308,376
9020,841
480,586
3730,621
4468,620
7449,746
4555,285
6853,809
7375,46
9935,551
1255,792
5245,252
9135,1
1240,161
9215,151
1048,276
107,771
3657,192
1663,868
9192,579
3864,894
4386,89
751,994
8486,420
414,752
8949,150
1522,480
1940,234
6450,499
8538,788
3410,543
4788,237
5344,648
7601,584
863,799
3366,150
9741,774
4691,923
2382,294
7330,900
8226,181
5269,500
2399,219
5271,271
903,251
8792,563
6862,924
5298,780
3023,904
5677,822
2243,668
142,140
1271,529
6129,672
2727,490
7008,496
6082,540
7306,398
3392,156
1987,793
4018,300
4369,926
6885,884
8385,945
6149,586
6481,19
6539,220
3407,998
3333,270
3388,367
654,290
5667,375
2912,90
3690,39
6401,341
6962,886
2839,157
2475,150
2534,645
6894,20
5076,262
5934,97
2382,751
1836,170
8585,198
3979,542
11,356
9137,200
9445,122
2670,23
3916,466
2574,627
7449,606
3576,41
5910,263
6482,237
1191,499
5579,343
8860,754
1978,461
701,425
901,200
8943,383
2971,194
7223,903
5042,789
3381,639
7321,444
9230,838
3327,79
3933,458
2795,925
1453,873
3557,323
9604,587
8888,720
762,44
1987,118
5097,886
3482,697
5428,416
8746,327
3970,824
2684,654
9362,179
6719,991
7149,657
6199,693
9331,977
9828,466
4272,94
9359,640
9445,550
1069,871
1086,125
929,885
8465,639
5869,544
2717,912
2044,929
1697,639
998,43
1800,683
9733,191
2915,229
9046,449
4957,261
4711,468
8861,585
5997,729
982,85
9176,63
7765,468
1519,60
5145,567
6542,546
2273,830
2316,735
6992,847
7166,721
1491,887
7169,156
7491,418
4453,864
1049,441
8491,245
2296,62
2073,171
4638,561
6818,667
8300,636
4209,282
5318,86
5265,140
1342,84
9762,53
3443,316
2509,721
7530,590
5524,593
631,380
9462,511
1770,668
6483,762
9690,811
2407,308
2022,913
6727,661
3350,326
9268,102
1997,944
7028,89
565,663
8193,150
4252,70
5749,975
349,251
7160,747
7753,20
2770,741
2081,115
5217,958
5623,797
4457,226
7566,934
3745,199
7775,229
8445,543
7479,682
5219,741
7358,168
4184,883
6589,721
9363,19
3267,276
6970,447
1085,461
3353,959
6953,698
9576,749
8537,660
2520,47
7109,273
2339,921
3040,230
2196,102
1506,318
7378,242
8964,316
7691,363
2132,927
9755,376
7336,530
6617,173
6010,350
3509,978
4197,602
8490,713
2707,611
9794,590
6850,662
5239,848
1456,607
3546,301
5159,604
6823,102
5314,358
9867,370
5626,770
4312,936
829,60
4925,16
8397,489
2211,244
3339,421
5666,623
8333,975
6888,144
3245,710
1937,897
3852,106
8307,197
5858,897
9571,419
5795,785
5157,672
8484,15
5032,114
225,713
998,450
3778,749
6731,694
2519,340
2098,310
1569,269
3302,814
5934,378
6387,15
7437,643
3787,532
1311,606
3581,433
862,401
4398,223
9106,790
9354,743
3804,447
3325,156
639,974
8070,984
8872,873
5709,23
4948,846
5169,265
5291,555
7173,851
8728,548
2442,226
4406,259
2037,30
1512,822
3066,653
1912,908
486,954
1613,618
3938,301
2220,21
6471,56
1932,87
4149,243
6751,323
9708,855
5812,394
6681,309
891,371
9579,655
8995,834
1817,615
8328,73
3282,945
5172,658
7846,451
5103,510
2570,472
7124,523
1891,931
3832,254
2222,688
2068,438
60,51
8837,993
4329,898
2796,840
9498,490
4234,257
1551,982
9867,978
7689,354
6151,871
8277,789
5982,631
445,87
9609,488
7174,224
1713,381
2305,418
263,120
9371,574
3376,259
6096,828
6336,531
9286,164
7020,815
3377,471
2239,946
8039,289
6402,226
5273,588
5476,946
1539,430
1140,676
639,508
4529,626
7107,420
5598,887
7869,417
4964,772
6744,665
9287,333
5362,730
1283,393
1088,686
5014,178
4990,524
9579,167
566,400
98,299
6584,402
6532,923
2224,581
7729,885
6476,417
686,914
5574,462
1919,698
2155,344
8935,203
6076,469
1523,972
2847,56
8083,90
4870,733
1329,238
1940,354
9661,800
161,222
6650,475
3382,914
1257,844
9204,794
6454,516
3531,665
2072,606
685,402
2885,646
4045,85
9083,610
9608,805
5882,797
1474,600
5404,274
8286,913
3245,73
7443,99
5025,192
5217,779
6255,504
5109,442
8189,239
3888,994
342,582
7164,719
9844,389
5397,733
6507,346
7198,95
8776,418
4690,422
7650,854
9118,620
1205,606
9979,853
9584,653
4180,749
6687,688
8446,962
4507,850
4044,799
4705,333
6928,8
4689,498
5556,13
5312,699
4078,112
8445,750
5295,519
5817,899
5401,304
998,288
3704,787
815,441
2074,729
710,277
9619,111
3776,964
6561,677
9426,785
3812,544
6904,925
3195,404
8284,261
2760,513
8940,514
9140,938
4292,255
824,809
6071,268
3565,507
3484,324
3048,161
8493,629
2649,251
1173,837
751,519
315,423
2115,108
816,496
4709,113
955,711
1412,720
9145,477
2718,606
9335,983
6222,505
7782,890
9226,942
9310,565
7447,968
2728,611
7495,870
5691,416
3297,982
4661,733
7238,354
596,338
3440,825
1074,35
8237,117
9467,102
7745,851
8170,231
6390,159
2076,743
1182,936
6926,201
1979,171
9638,330
3758,981
5095,485
9173,993
8667,561
1945,13
9785,127
536,349
9258,603
7123,498
2358,793
2050,852
786,238
6269,53
4731,818
4028,157
1790,962
7857,116
8999,680
3812,760
5613,498
8418,933
4493,650
9434,990
3714,461
281,256
4208,277
104,447
7554,452
7393,334
7025,688
1495,60
2429,71
9036,621
68,635
3307,334
9556,651
1684,51
3875,232
5088,626
7807,293
5371,93
5650,893
1906,320
3411,745
3689,791
4907,660
2290,362
7465,195
898,310
6266,291
961,954
4399,585
6078,328
2706,707
9135,408
2868,918
13,104
2668,490
8125,796
2358,830
9934,424
9447,842
7763,871
5280,670
7452,882
6028,543
1708,681
2930,486
4920,592
8481,876
8248,671
8780,530
8628,315
8642,339
6409,447
9093,41
7988,304
7896,659
5082,423
8488,629
296,204
6941,104
466,918
837,30
3233,141
9443,190
1391,193
4709,861
8604,21
7371,418
8380,944
9131,572
4657,436
6848,268
1790,71
6101,712
1566,424
3267,593
6607,421
3830,191
2189,853
3562,109
4185,230
429,738
1979,248
4121,860
7558,142
9862,382
2058,281
1240,936
8304,915
3998,50
5003,151
5781,421
4630,202
8049,223
7314,736
2317,842
6758,884
736,756
2810,522
7667,762
9405,949
2223,667
756,103
6087,390
2679,802
7121,114
6263,288
5769,710
949,90
707,823
9832,964
2066,401
5209,313
6723,710
8344,208
3768,491
285,225
6928,645
9665,325
6347,21
2880,986
4704,930
2647,446
9601,816
5381,975
5416,53
3029,275
812,150
1786,990
2181,806
4648,203
6451,451
9592,501
8103,522
8522,253
4568,761
4653,839
2444,144
8253,34
4369,853
4705,54
7660,728
3027,263
3165,424
8700,492
2644,831
183,29
4468,33
5623,617
3857,509
3710,802
1002,424
2212,854
4270,828
871,618
5470,51
6946,711
2454,37
684,792
4034,274
8791,17
6987,812
6749,520
6553,999
8276,92
3615,398
1893,478
1546,459
9460,145
10000,866
4247,166
5788,629
2613,776
3799,671
3269,74
6614,163
666,428
9383,443
5349,418
3894,883
252,481
2143,866
2758,692
930,336
8720,581
6333,96
7930,858
2086,495
6743,705
219,777
2092,112
1482,348
3392,11
9566,828
1753,650
6402,932
3655,689
4264,127
1992,604
6391,959
3711,654
2535,842
8095,378
6583,417
8952,622
2227,595
9045,301
5847,670
7722,937
8687,765
3633,93
3328,938
1914,50
1794,684
2187,485
4250,907
3397,1000
3230,223
9331,522
7806,391
7984,250
4238,399
1580,877
588,198
2404,307
8174,165
8278,89
8949,717
4377,116
322,557
1865,254
3270,851
3431,153
4951,324
7479,799
4528,961
1681,677
487,315
1304,789
336,464
3985,930
8741,169
7521,642
8432,506
3657,959
1030,983
8556,386
9621,517
4885,460
6911,407
2092,188
6925,779
7972,334
429,343
9297,181
2758,434
6716,835
5012,288
4829,19
9294,165
5623,926
8951,452
2278,268
3582,633
3951,96
7122,822
1154,634
9982,674
8612,645
6216,692
8352,567
9498,655
8126,352
893,140
6750,164
5394,292
5750,725
5556,955
1227,683
4342,787
3650,47
8638,515
3495,608
5016,764
7387,926
5129,911
7574,207
1170,761
8920,177
8260,604
2547,700
4764,198
2929,977
4756,763
7888,814
4917,860
2187,958
3398,860
8449,377
4015,130
5146,425
1332,206
1139,723
5855,732
2653,694
6247,109
891,593
2614,981
6836,253
400,875
696,918
6776,189
4205,69
2856,429
2065,192
9801,472
8877,689
9870,805
6027,814
5101,735
9847,344
656,638
8523,984
6737,506
3182,158
3857,556
6393,504
513,630
2637,445
9784,380
9760,811
8117,907
5985,374
4477,618
3697,738
1036,472
7827,117
2603,492
2624,140
362,689
2727,541
6892,515
1974,585
3112,669
4067,917
8646,879
2815,836
2773,910
9410,172
3786,584
2803,636
8566,110
1636,3
9759,718
7917,600
3539,112
3109,694
6140,942
4559,305
2282,671
1760,299
6677,912
9618,637
3145,723
7355,34
6796,911
1752,47
3431,200
247,368
410,487
945,188
6044,181
1799,974
7339,857
5909,641
7749,487
5101,41
9774,164
9277,36
565,918
1301,404
8093,893
8355,240
2786,83
9422,233
1091,415
389,414
8472,456
3617,522
532,797
5251,484
9278,148
5258,628
6496,867
8986,566
6485,422
9668,43
862,345
4474,690
4724,424
6804,604
3816,774
7233,395
9064,476
5610,853
6590,456
5989,629
5679,108
3438,260
8349,332
3990,52
8782,531
6248,161
7158,472
4517,938
8001,269
1847,716
479,416
1588,496
2817,409
7212,834
2831,631
8665,91
6461,904
410,645
284,90
7604,910
1304,21
2890,591
5620,545
5072,990
152,162
416,481
4936,50
943,730
8158,297
6168,537
7753,771
1585,964
986,401
4530,649
8262,917
8765,106
5246,209
4805,579
3185,941
5147,631
9992,244
6079,871
3175,990
3649,222
7335,686
4012,247
3505,448
61,487
456,668
9368,894
9827,439
2060,902
7441,229
432,159
9725,750
154,790
500,605
4501,293
5340,421
2028,608
1311,541
4915,966
3475,612
8346,863
322,136
4350,147
4420,774
9608,100
7441,391
4878,469
9847,18
5379,161
310,998
8544,403
4642,831
7526,541
4511,411
5465,622
3174,341
403,471
6206,440
2371,551
2075,481
4627,242
4025,401
517,486
2151,804
2384,604
1192,717
3384,712
3554,835
1819,128
1011,384
4014,358
8202,6
9770,716
3958,443
1903,917
8370,135
3568,971
7663,590
8950,7
3706,959
6956,894
647,910
745,219
7699,564
5123,190
448,228
6607,33
7897,479
8249,819
8728,333
3911,192
8745,597
8297,746
825,548
3890,279
7987,817
4255,318
6863,689
3504,150
4212,403
5331,390
8801,25
1023,563
3534,168
8626,1
4756,160
9488,847
5687,413
4310,305
6788,612
3517,979
2904,375
1544,92
3533,612
315,689
6480,546
8099,458
1537,197
9795,1000
3908,14
7471,967
3676,684
6976,958
2557,621
142,908
6454,278
2220,917
8552,243
3492,918
202,721
3072,620
8184,49
3740,947
8746,332
9952,790
663,526
3078,196
7675,853
387,851
9615,241
2236,316
7380,699
7298,673
2674,139
6887,201
3608,262
6261,738
4612,641
6412,12
6697,711
6501,770
4675,208
9232,772
9550,400
1602,749
2589,473
6711,891
6544,826
846,639
1593,201
6018,164
7943,50
3872,553
8978,147
7366,818
8553,852
1103,321
6015,962
242,920
2772,955
2332,321
4651,276
3261,959
2131,594
9362,952
891,573
3676,245
481,425
2990,427
1961,814
5976,698
3102,802
5845,901
7153,706
8461,268
5373,405
9660,621
3668,442
922,498
4422,381
8676,6
1254,716
1380,342
2863,896
2434,715
756,829
9329,115
2048,574
7886,362
7840,277
7259,666
6383,252
4174,351
4721,445
9324,527
5103,755
718,404
891,553
7332,69
920,83
2979,894
9626,910
2707,538
4241,793
5410,685
5503,589
8074,515
7323,335
3641,267
8925,609
8188,401
6111,350
6783,614
4185,690
7988,223
6213,89
9958,18
6091,87
6765,41
8587,563
8886,969
1916,348
6703,91
4316,682
9157,467
7354,579
4363,141
3877,188
5883,437
2037,204
1817,106
7197,784
3061,480
2267,534
6682,715
1366,574
3678,86
3450,716
6166,58
1666,521
9140,291
9865,742
339,884
5315,426
142,827
9227,712
6526,242
2514,896
1891,547
1585,2
9219,255
1760,948
7749,229
1507,635
5486,183
2726,76
3926,14
724,547
2329,531
3248,685
7045,887
2689,744
6154,821
6211,166
4288,714
1712,704
983,718
8413,335
2780,989
3955,524
5335,92
5035,719
6779,841
2012,336
8621,785
9952,503
2082,407
8562,942
6087,436
7710,339
3433,626
5739,516
5980,656
762,351
3448,840
1762,159
1932,276
907,215
7919,410
16,993
5837,95
8886,744
9600,822
9071,370
1395,920
4085,707
7225,540
914,846
4124,427
995,441
7643,305
211,784
5530,671
3203,574
964,583
9500,718
2386,878
4706,112
5323,634
6056,359
889,954
4854,930
4853,366
4850,905
5804,459
2516,709
3370,757
4089,262
7385,840
8191,844
9923,486
3354,720
5949,116
2550,537
4043,511
8398,666
4569,771
3162,128
9755,232
6405,835
8811,368
2528,513
5302,27
1784,580
4776,353
3281,825
1660,660
4621,520
9965,933
5401,613
4360,986
2295,431
9212,978
8745,263
510,369
5058,940
8683,447
9693,148
530,38
1613,96
990,69
6400,706
2243,736
6560,355
7780,493
2296,133
8294,628
7816,25
2743,438
5138,108
1458,45
6864,757
207,834
5743,959
3724,698
2267,547
7837,161
9748,262
3118,779
7588,930
6525,456
8588,200
2708,61
4769,764
7252,646
6465,631
8553,355
9525,116
9904,735
7472,512
1366,5
1539,56
6032,9
8129,326
7585,572
4765,396
6136,964
8797,520
6633,333
4031,324
7979,67
9537,892
3778,356
5752,555
2259,642
8479,706
6338,973
9349,101
3415,945
4970,677
3710,595
5247,387
582,849
2127,609
2690,148
6005,590
5130,987
3203,713
6433,173
2547,996
4842,184
9736,409
2001,638
2272,950
1444,901
1464,825
2146,43
5443,40
5793,916
3037,81
5149,191
1460,48
5865,263
3800,99
6753,45
1353,773
6516,26
8514,16
9207,426
6832,343
9075,739
6494,669
1379,34
8611,1
7760,139
2174,780
6961,694
4420,899
1323,375
4593,493
1118,93
8402,908
7826,327
5366,58
3197,987
9393,249
3423,454
9226,494
7648,149
6916,212
1921,913
1555,548
4354,570
6892,263
9005,918
9640,764
4749,174
7670,400
4550,207
2077,427
9463,16
6062,548
9317,487
5835,569
2032,774
2816,107
1039,276
3211,459
8543,315
2675,463
6355,27
2127,125
398,221
977,767
4514,483
6095,618
2995,734
8961,791
4176,395
5251,554
6517,983
6138,40
7579,344
8499,117
8593,202
1361,135
4851,18
8585,681
6144,615
8350,70
9304,982
9569,803
1945,338
1584,723
2935,265
1294,96
4477,882
6742,765
7594,208
4575,106
3543,499
4335,996
28,39
9242,857
9808,175
2533,476
8182,164
9950,908
8420,66
1462,619
3336,260
3978,454
6036,111
170,206
6231,4
4203,499
4938,564
4111,362
5396,758
8408,47
7971,420
8859,189
7365,331
8287,7
7971,495
6466,453
8901,530
8321,538
4245,606
6033,863
9558,857
4779,73
3082,1000
6485,726
4385,225
1847,408
9271,275
9187,125
6105,309
8852,752
3396,202
5324,211
8631,709
5354,410
198,692
9111,513
9024,481
6395,575
6844,994
9163,395
8711,881
2051,413
452,602
8636,299
3829,445
4750,59
1725,44
7541,588
7477,539
1514,944
4534,418
7517,248
1153,476
4136,970
4825,855
4495,568
3170,302
2309,121
6108,915
2726,964
4375,800
5498,368
5372,473
9362,841
642,642
2390,62
2707,876
9905,592
4856,663
3064,376
9050,276
8959,600
4311,533
1026,305
4159,961
2985,206
471,91
9404,181
230,573
8060,330
9803,728
5202,806
8020,647
9624,484
837,506
5905,314
5617,349
8735,804
4993,591
5867,939
8638,154
1747,610
4674,674
9807,469
6588,697
9809,693
8202,645
6658,406
3190,747
7143,982
4332,863
9042,343
778,529
4738,963
5482,29
9361,9
7028,401
6573,587
9134,91
7682,137
962,891
2203,492
3394,637
8291,294
6377,858
4781,542
6084,350
4937,174
1675,93
3482,565
6733,509
1257,627
843,895
9775,358
8016,621
634,428
7654,684
7820,600
6531,617
4564,96
6627,626
8257,410
9390,953
3456,229
7809,519
5271,165
8625,761
7554,760
1540,31
420,673
1111,779
4968,595
5984,702
6920,385
2785,291
7252,991
4928,296
7877,997
3778,337
1045,68
8072,285
655,371
2680,777
3966,38
601,585
7757,601
4603,244
573,275
7014,890
9440,734
4984,294
4710,205
9790,726
829,761
1578,474
3004,785
6540,331
5364,356
6100,625
1832,286
962,45
6828,815
5020,150
6351,602
6275,941
3782,19
4916,759
894,916
7303,775
7975,842
2246,18
5656,26
6201,684
6666,331
7581,255
2745,197
2499,306
1194,67
8987,225
217,611
6604,463
6254,629
1751,740
1284,548
887,721
8372,408
4289,274
4069,14
962,685
7865,578
1132,620
206,592
1657,685
9026,812
2798,95
6846,106
6700,341
5555,27
4600,237
1332,935
5816,856
9584,605
5637,630
8844,270
9837,61
5450,112
9872,168
3272,543
2551,696
8333,205
9251,945
5932,924
7706,771
8587,244
8699,184
3483,807
269,703
2872,660
3314,702
9713,898
9147,922
1857,817
5627,352
1596,904
4702,462
1038,622
1964,393
8043,826
9126,209
8805,891
8972,590
8233,934
2436,491
4290,43
6794,641
1509,535
8252,893
811,819
9363,947
22,76
2350,946
4467,924
9143,66
1769,853
4005,380
5505,55
9374,863
4927,218
1024,147
1920,351
5001,830
3908,637
6893,951
7696,52
5272,373
3019,640
9024,314
533,208
965,622
4197,84
7919,398
7215,173
6677,772
8411,752
3548,882
2817,289
6996,224
3713,235
1138,695
5272,193
3813,310
345,657
2779,804
4923,308
3917,982
7538,957
3388,779
6193,947
9606,31
6974,958
9852,432
2895,873
9040,661
455,643
143,339
9105,598
6727,641
966,428
6167,355
4530,511
4681,189
6811,421
1747,729
5532,230
3029,232
7105,21
6147,943
6519,126
7393,941
9425,332
637,133
9465,330
1657,150
5191,583
8405,632
2809,851
8745,91
4178,213
8827,783
1779,593
5892,7
5931,23
2661,109
6193,562
8770,827
423,292
7191,579
2077,77
5693,185
1375,349
2885,184
607,361
4006,856
5792,847
2739,401
9758,890
6231,751
8409,109
5237,789
9551,181
404,529
181,258
1359,665
2683,166
2483,583
8678,865
769,991
5511,454
8615,661
4233,523
9013,713
392,559
1198,749
9596,363
4494,299
4281,502
4641,784
3318,676
9979,502
9582,604
245,123
6380,643
8231,719
5424,749
6804,735
5336,544
71,702
203,191
9659,108
5813,841
6761,767
43,844
2177,467
4196,31
9676,53
7701,239
6471,65
3213,469
8131,772
846,740
4533,709
1563,284
6700,447
4101,864
5066,357
4364,582
7648,445
511,115
152,905
6982,12
7522,352
3399,38
3193,736
4794,896
7060,7
4309,857
2299,897
4371,464
3647,145
652,968
7793,989
7654,427
5446,217
1759,347
4529,688
7795,692
1131,967
5178,680
6582,133
2212,488
2165,628
7613,380
1962,715
4734,716
1259,103
7726,315
9209,344
2651,893
4739,51
2995,328
4885,169
6395,696
1849,688
5993,170
3719,132
2504,352
239,948
8675,782
5712,315
4101,267
9752,342
7997,777
4243,676
6174,528
4425,904
3862,321
8936,395
4209,44
215,9
199,654
6362,94
2500,102
8968,801
3250,850
2344,896
6726,887
9365,101
8648,56
5658,541
9988,223
1769,753
2066,497
9767,874
173,726
5030,668
2749,389
3606,955
1449,71
3015,53
7697,481
6508,97
5260,108
6220,118
9684,62
8499,479
3465,658
8336,251
4039,311
6687,612
7155,359
411,803
3289,629
6533,920
2190,295
3967,812
862,910
6495,523
241,643
1133,791
1960,634
7178,26
5844,606
2043,61
2028,570
8174,835
1152,775
4097,556
5583,51
4721,846
5955,109
3255,694
5135,861
1769,965
5524,285
3147,643
7578,248
240,53
4830,676
9225,193
2588,297
7013,796
8341,580
9183,982
3550,37
6194,1
4479,95
8283,423
7124,125
2453,1000
5351,568
8001,456
2995,550
5004,309
7433,365
8388,383
1156,617
9504,919
5676,69
7692,152
2784,528
9827,47
1059,968
9552,42
891,765
1763,381
8240,16
8307,883
5147,857
1981,593
7605,367
1722,384
4052,737
5842,946
9236,493
588,703
5751,730
360,236
3442,23
550,798
4095,620
768,128
4698,921
340,692
3064,269
6926,840
5490,164
1941,211
8340,381
3441,899
7611,525
5253,293
1614,590
7763,115
5149,179
4612,737
9849,856
8403,312
7269,555
4231,963
4160,238
4163,364
7781,594
6185,26
2886,145
4757,534
6665,644
8943,887
4611,346
3526,412
1152,368
4908,388
242,813
6310,187
1446,402
535,987
6613,900
8188,762
4426,764
9292,91
4873,73
8654,268
7374,317
1663,998
1649,661
741,678
1070,697
4388,701
4221,181
2886,415
4324,432
3873,32
6015,873
2259,377
896,111
1504,226
617,805
8248,496
4247,228
1064,232
8145,616
8416,119
5656,116
3236,198
2731,791
5846,859
4039,349
3642,722
8257,722
3028,67
7557,780
9003,715
5274,898
3891,613
1484,316
6203,458
7944,633
6128,158
2192,900
5656,31
8187,780
8338,76
4326,13
5644,242
7600,728
8604,135
6921,11
1668,273
380,52
8532,700
9310,326
2653,739
3491,230
6184,182
6572,216
2412,850
1094,599
4271,287
1618,836
1098,300
3265,420
3860,297
6498,248
5233,363
3795,635
8555,119
8470,336
2931,753
9437,115
5758,294
8306,496
6593,324
388,449
4080,848
3181,272
5209,920
9073,310
8650,736
5309,349
7762,356
7108,279
4597,739
7511,945
9076,556
8,425
3231,898
6085,148
643,533
6617,220
7999,519
5157,958
3505,4
4143,240
3360,903
4990,352
3785,600
4933,989
7547,10
6885,621
5222,635
2463,262
1811,706
7574,835
6625,145
7894,246
8955,380
8078,730
6509,752
7843,909
1689,385
6799,254
2363,878
7894,12
6541,728
2447,367
7561,244
4287,626
6168,587
2387,895
8681,118
3831,25
1459,882
2456,1
5858,643
6461,336
1382,145
7164,425
8706,15
2251,94
3066,36
3286,208
853,160
5332,899
2713,973
2316,819
2369,749
2689,848
5498,946
1963,88
9975,135
2963,946
9805,833
9923,28
1903,217
8217,872
9257,490
7482,800
4528,605
5715,653
4078,773
6882,452
2680,438
349,804
3034,32
6088,14
4638,376
9847,650
8273,236
5553,236
6053,115
9667,134
510,647
3516,315
6175,290
4769,184
7766,631
6448,961
2147,34
5795,49
8858,949
7911,430
3135,359
4607,505
2314,905
7879,959
1992,530
1380,618
3379,613
8540,968
8678,261
7982,139
5667,973
5722,179
6364,921
4228,172
6928,420
6371,912
3118,926
1937,85
4631,391
5459,436
5169,206
8000,542
4284,591
9958,710
9088,415
5100,80
6079,391
8580,932
2733,247
4442,967
4980,861
8699,882
672,995
9058,70
5954,843
6535,491
9889,302
9326,557
2366,70
264,547
44,384
6891,955
3592,273
9059,679
6751,748
9943,985
3926,60
4025,310
7607,280
788,394
9656,830
3044,201
5026,734
9099,423
4522,824
1838,217
4108,386
4527,212
9108,48
9640,390
4983,189
7331,630
169,596
1769,192
7480,8
3043,551
7635,634
976,540
4893,347
919,136
9934,407
6099,372
8751,460
552,927
4461,861
1488,116
9687,991
5466,511
67,754
4174,366
7410,315
3695,759
5028,927
2293,273
7646,444
9245,831
5408,39
1395,111
6597,206
3865,509
4577,787
8966,638
6571,849
2601,976
5962,761
3340,630
7011,605
7358,905
1348,58
3764,649
5140,899
17,85
9206,432
3223,121
7610,908
7305,901
4027,588
2544,327
9066,148
1282,388
522,267
5622,957
3315,724
3575,448
9154,613
5836,950
4525,517
1911,304
8349,169
8944,460
4899,801
5376,425
7488,208
7426,680
6995,550
7552,129
2046,565
6807,828
8447,354
1537,723
8322,789
9874,266
4107,198
6332,214
9830,399
7431,365
6893,379
6573,348
3554,52
2829,961
4235,93
2753,465
3426,504
7233,283
9801,532
5668,123
4986,126
6154,49
8293,102
2887,520
9719,70
6528,559
443,467
4184,572
3507,14
6756,85
5511,90
8119,738
1959,730
7383,867
1473,365
9394,354
1319,617
9808,735
5639,738
1635,730
7111,820
501,166
6975,547
4232,517
5902,409
7788,136
9297,29
870,120
4900,77
6149,495
5374,339
1949,549
5767,767
6942,352
9386,872
197,405
6232,516
1259,84
5383,993
2057,349
7567,967
9095,395
8017,569
9950,451
5541,282
1523,273
3523,716
9795,260
863,898
1831,59
1883,729
4481,154
3002,346
7064,263
8721,546
4917,39
731,22
3792,888
3761,358
109,336
1235,327
198,635
259,681
2968,225
8262,486
5539,403
7973,539
3599,300
7459,514
4927,569
9767,756
7302,857
1860,917
4117,601
5097,303
8453,177
1248,271
6034,904
2979,13
2879,683
1085,358
2101,104
8071,890
1,735
1209,998
2633,465
128,251
4055,548
7044,746
7426,912
9829,492
4600,323
8936,549
5686,736
3045,274
7651,39
5613,30
9543,702
4231,287
7366,304
6713,237
5949,11
643,994
7331,825
318,394
6634,161
4760,641
3673,399
1448,34
894,169
2779,315
8045,600
6722,689
6498,731
6695,304
7386,740
2192,4
1185,373
1557,880
6483,140
8031,618
5539,351
9317,633
3872,771
9449,872
6504,578
3887,849
8972,625
2641,24
6919,100
758,13
7965,254
5058,435
7016,255
5498,913
7891,981
1937,804
2066,653
2726,9
3515,963
6606,145
1520,273
650,621
1108,70
464,120
6492,813
607,864
1149,892
3796,381
5495,751
4071,250
5663,744
7031,490
2235,405
7323,787
9666,700
3609,358
6733,683
3409,365
7085,38
2674,439
4715,93
4490,223
3650,199
994,144
4609,905
4425,621
1969,345
6525,948
8374,949
2136,753
8702,335
3121,802
7946,788
8023,95
4760,984
9085,919
2566,282
6920,823
9263,641
4304,719
5584,948
4908,125
5410,799
3714,204
6726,798
5905,608
3853,1
2012,198
9384,251
1801,993
1214,437
8665,538
3704,329
6003,195
4555,450
4974,605
9434,296
1593,139
5755,26
6208,315
14,643
8235,830
6995,385
6619,72
6677,399
4753,404
833,748
830,695
9669,258
2882,935
6272,783
9460,39
6692,168
6725,97
6523,536
3527,724
1266,926
8585,102
4319,723
4558,264
3662,116
9615,924
7637,901
9734,360
8475,154
196,65
1994,142
5808,770
4507,266
552,600
6415,2
7943,131
7683,163
9055,908
3989,689
6017,194
4980,653
925,978
4900,133
8577,792
254,905
3265,534
2374,524
5146,554
6887,31
3626,988
285,460
8262,486
284,256
4809,938
8159,618
99,565
156,242
8731,659
6657,320
8719,947
7228,93
812,646
749,973
2843,257
1878,292
3342,946
3598,517
4674,201
3138,142
7743,217
3415,67
6772,830
2473,20
3158,349
7317,826
9987,398
6108,113
232,812
4151,800
8524,171
8070,418
7130,526
6835,491
5625,664
6637,444
3851,719
8857,320
3846,278
9289,540
2022,430
8324,913
6918,68
7090,571
4682,307
6743,782
9617,395
6646,826
3293,642
6977,178
8007,235
7168,395
4689,304
6856,500
4980,899
5100,856
1168,237
6977,664
3864,654
7575,614
6699,759
3673,186
3434,895
2674,232
135,676
6846,713
1027,658
1710,449
6172,200
5471,776
8965,431
552,989
8251,856
5356,646
1167,932
5530,696
3594,494
5705,777
9519,855
8942,823
7130,209
7611,516
4388,192
3769,406
7340,228
5076,589
846,320
4661,564
6476,709
9162,744
9420,642
9864,18
2902,592
4088,709
6896,542
2104,181
4858,74
77,255
3532,535
8391,711
9594,172
1218,217
2374,735
2492,88
1289,260
2633,916
5198,950
9114,81
3482,295
499,424
8185,974
3595,24
3924,232
4592,470
5097,559
7805,750
1976,615
7850,135
5709,841
4940,14
632,307
9903,729
7593,964
4853,46
5329,176
8073,180
5116,625
8537,453
8038,693
9095,338
3346,173
2549,124
9074,641
5742,455
1604,333
9059,668
2087,25
5256,994
8960,237
1982,352
6085,229
7654,458
9155,965
5883,638
3030,519
7308,433
3754,759
9345,900
5993,999
6294,570
9071,947
9673,599
3071,166
6168,247
8009,787
3846,769
3640,670
5574,422
7171,858
170,488
3706,758
3142,293
3591,929
1585,343
9715,664
5768,622
8052,640
641,287
82,148
1197,170
4280,557
4301,528
8144,746
7285,901
8121,53
5835,857
3592,519
6439,217
2734,127
6808,742
8721,82
6013,387
9628,666
9520,404
9650,586
9836,590
7650,480
2689,718
8873,538
7614,571
7006,312
4281,685
3828,797
2916,108
9259,141
8797,515
160,753
6572,610
9904,970
6409,130
4685,667
8482,610
5630,846
743,796
1719,763
7610,415
6523,589
7360,172
6205,109
7243,32
4770,640
5660,334
2314,464
2639,984
3592,695
7983,508
7793,278
4455,225
965,895
4493,934
5512,422
7387,453
3218,379
3203,289
983,609
7379,773
2082,687
9889,758
998,258
722,810
7900,952
806,928
1697,749
9495,658
2554,292
3527,304
5327,554
4412,169
3165,44
1172,753
543,129
5837,598
1747,738
8936,713
6424,912
48,863
6920,55
5052,276
6396,168
6853,507
1751,283
3456,17
8502,668
9526,452
562,671
9726,56
1466,291
589,220
5306,734
5247,48
7839,442
3013,585
1200,762
3555,714
9973,681
3165,448
5422,150
8418,922
9936,979
9429,202
9894,84
5397,590
9484,767
5042,829
4794,122
4039,398
8597,825
6650,324
4322,314
566,190
1,390
7723,822
6220,764
3865,978
8810,804
7515,218
4107,310
9065,361
996,198
819,415
2597,259
6590,45
2563,144
4728,669
6601,516
3841,267
1860,704
1293,958
4243,882
4917,167
7529,214
9310,115
8279,336
160,477
370,846
9549,670
4115,90
6645,823
4138,439
4347,831
4903,438
4861,648
8628,421
6385,62
4575,853
8637,852
5397,847
1458,942
7561,476
4462,429
2586,101
1134,375
8055,383
453,27
5480,486
6713,797
6172,514
2188,935
8177,155
6658,856
3072,352
1231,624
2670,729
7510,189
3328,781
1054,987
2433,327
589,675
1870,867
8707,617
3810,874
5171,165
9819,278
6786,954
924,568
8489,672
2914,66
7308,360
1759,204
6877,226
7084,85
5604,935
6826,66
8101,945
5261,918
2563,883
8699,58
6339,858
6533,656
8382,140
60,600
3494,289
149,823
9485,11
3006,751
8784,663
7426,336
9577,511
8797,486
8851,552
8540,113
8770,863
340,412
7212,428
4296,751
1692,890
7803,355
8928,512
6415,903
5186,349
3675,331
7448,143
7410,800
3398,810
8871,156
1747,880
5094,691
2678,945
8077,74
6745,812
7096,802
6904,89
4853,201
9910,438
4928,543
6547,602
5723,521
877,330
7737,720
4350,466
11,326
1029,333
5847,934
2409,272
7584,100
9390,568
5875,618
6591,902
7523,334
5382,346
5926,737
9670,962
5545,22
789,744
4898,617
2477,441
9300,130
8609,670
6768,508
2980,811
1645,948
3305,710
5558,776
2630,453
8953,329
4751,294
7454,73
141,376
526,318
6713,675
4875,470
9815,479
1843,883
7316,343
8502,620
4580,132
5264,59
1951,317
5418,434
19,402
4193,402
1239,252
8414,954
3878,998
7129,438
5507,572
3211,787
2871,219
2228,219
6447,376
8538,868
9754,998
5942,63
3091,798
8796,86
7177,767
2600,63
8966,429
9086,479
1636,431
8686,929
3347,421
1484,903
5512,697
9536,122
2940,22
2819,889
6649,460
137,85
3038,709
5726,618
3188,275
1579,139
1736,231
1808,934
7280,793
9419,586
9088,557
6320,350
573,28
8175,708
6091,420
8489,259
833,252
4443,69
3434,1000
9346,596
3629,58
3946,968
5259,367
8333,525
4285,461
7434,407
3000,675
6951,329
2819,11
5847,510
8998,37
2352,167
8854,168
2387,585
1149,320
1419,837
8184,458
7966,821
5843,187
1172,434
1837,683
1735,552
1322,849
6065,655
1911,189
2287,486
2821,310
7383,274
5666,289
5032,59
3188,804
1108,557
5307,910
2505,612
7252,428
7218,313
3452,450
4121,819
2885,165
2338,243
729,785
2688,896
7586,537
6374,898
2932,804
7922,212
948,156
658,1000
8156,980
5481,624
74,523
5416,37
1360,807
4764,972
2852,946
8774,483
243,842
7614,690
6854,945
6839,279
296,74
2790,617
3322,345
6763,765
1496,119
3500,222
4653,456
4175,358
7721,347
1994,857
2204,325
1723,487
8932,191
9397,620
3832,105
5454,525
7219,287
9676,746
6111,61
3173,770
9436,464
2209,641
7960,26
5019,917
2724,48
1816,777
4124,75
8959,412
8556,453
5718,642
3282,663
4667,897
7302,404
8450,379
4940,708
7435,375
6449,421
136,524
8022,289
974,822
1260,250
4437,286
3624,818
9844,51
3339,848
2567,536
9459,347
6295,753
3322,531
9738,219
6686,104
1636,906
5356,285
8471,694
4150,23
1743,953
6088,151
8770,804
845,76
3850,479
2890,996
547,376
6590,111
2873,926
5608,269
8336,959
7370,369
5651,323
2505,718
6656,288
4048,343
8174,933
3279,166
4269,270
8034,584
2707,860
1786,799
922,510
6638,15
7769,92
7647,662
3219,579
1868,288
4818,536
3675,725
334,383
7403,200
7691,113
1371,546
462,731
5009,179
4286,404
2889,606
3255,157
8627,924
9420,254
1431,916
9517,231
1072,948
5641,32
7730,902
6069,743
3854,877
9565,854
2390,132
4833,301
1161,790
5193,992
8577,225
8265,171
3600,748
3525,744
6312,722
6595,991
3127,482
205,83
5855,393
1748,857
9811,168
9751,926
942,36
7220,882
397,768
891,733
5243,636
8640,16
8372,140
236,237
4900,834
7760,420
6087,881
3332,161
8998,233
6681,483
4407,951
9948,750
7886,888
6397,51
2111,639
1974,599
5731,814
1887,702
2832,282
3593,277
2752,885
2522,690
2829,546
9337,745
1657,494
2357,795
4265,186
8832,533
5146,632
7695,92
265,309
5198,100
3335,211
231,763
6941,46
8246,373
1993,723
5869,425
8031,243
6057,257
3531,760
1318,674
5465,942
372,391
6299,46
657,889
9026,64
6315,790
6422,887
5022,192
580,622
794,226
5719,508
6552,969
3203,485
9613,474
8141,296
5866,970
7796,959
1124,766
8813,322
7118,752
4917,597
8009,600
9433,664
4532,891
18,48
6102,696
4163,407
9175,237
454,332
4228,852
5530,58
8027,772
7388,391
601,580
8395,191
2314,265
378,798
5105,149
7303,598
6560,951
987,141
3306,154
4817,489
2778,632
4,18
1455,321
6362,925
3002,254
9261,627
6389,610
4009,75
6510,638
1392,954
6979,753
795,888
1315,488
5997,631
4769,266
3696,941
2377,647
9698,589
875,740
1363,831
2949,495
670,820
5720,13
7901,316
4743,792
2780,778
9704,238
3294,470
8169,163
8600,579
6913,674
7880,750
5839,721
9526,310
1510,70
6329,556
8197,896
8342,584
9352,186
5308,426
3106,486
8740,572
4970,861
5311,268
7122,195
3676,272
5056,421
6376,207
5001,105
8684,658
6487,170
8616,452
921,58
9845,488
8683,692
8642,520
3015,28
7844,35
3410,564
3547,485
5717,222
1888,731
4363,525
341,457
7060,79
5748,672
7251,332
6449,216
454,473
7183,18
606,19
6247,126
8188,309
519,19
5858,816
2368,419
857,95
5572,417
5838,856
7116,424
2834,138
8906,309
6050,355
337,705
2952,509
6781,56
7498,624
8735,635
5424,143
6709,811
1521,742
7721,762
3717,479
606,54
7691,130
7768,43
5864,156
331,744
6376,543
6071,832
5623,452
7549,756
9156,779
1274,36
28,453
7609,597
6089,745
1234,462
8800,847
1137,493
1099,947
8167,609
8594,229
1557,587
9264,323
1317,798
4882,943
2485,203
2301,526
9131,329
4567,3
1865,143
9058,638
5314,230
8408,399
2924,59
7219,363
9965,989
8106,995
6279,429
6578,486
8570,535
3571,855
1371,320
6345,851
4978,528
8184,673
6459,161
5322,343
8901,339
6354,431
6515,948
7324,325
6946,792
484,343
429,684
8248,684
2621,75
9746,747
9591,67
1933,761
1836,493
1380,810
8935,929
5976,650
5744,126
2945,675
2563,413
2306,983
1762,145
3255,715
5503,106
4818,460
1982,208
28,247
5402,726
6324,7
7344,35
2916,668
9836,796
6028,618
4007,351
1719,48
6352,49
2037,405
6193,175
785,884
2784,584
5433,325
2546,368
2420,118
1306,664
1278,975
3115,555
2311,671
4326,503
245,122
529,914
7746,858
6896,688
1219,75
9380,478
1982,935
3019,344
8774,975
8549,323
2231,411
338,802
2107,58
4645,86
5677,712
5974,874
1264,975
5731,653
7238,449
4408,730
3189,320
4385,394
7364,906
7573,254
813,80
286,454
7336,902
7917,83
986,147
3630,496
1584,38
4412,95
388,786
4704,183
6262,73
3468,855
5313,560
4043,863
315,806
5397,906
3246,809
2087,183
9848,991
8257,278
3170,54
4520,48
5215,503
3923,872
7437,735
6914,9
8417,314
9480,264
7546,599
8464,830
8337,909
1415,176
4711,166
4146,840
5821,914
7828,60
8124,961
2208,875
3036,649
1725,969
7008,982
2846,808
9620,919
2797,324
3597,488
7549,292
5216,405
235,540
8394,672
2315,874
8416,562
6898,841
2755,512
8709,382
5633,631
8241,35
4042,551
8891,194
7292,251
9445,791
7418,998
6360,271
4373,198
9634,247
8412,596
5141,526
8371,721
8495,171
6303,965
456,442
7030,544
8275,969
3442,382
4506,973
418,506
2680,115
7546,211
8900,488
5936,642
9199,71
3154,431
9766,519
5012,314
4613,382
8026,367
5883,69
9473,506
8852,323
430,210
8848,120
4535,996
2425,822
1262,986
4309,806
803,978
4423,66
244,750
2568,801
695,576
741,809
7822,488
2826,860
9965,210
4823,463
8301,322
6245,935
6996,624
4359,735
6671,167
5192,980
5847,689
2798,872
2646,406
3318,52
3400,313
8271,308
8835,826
4802,33
4456,876
6379,184
5221,349
6869,93
1688,486
7023,680
2822,315
4090,539
7538,487
1382,4
9493,818
2704,761
1609,459
1207,601
3606,116
5065,879
2268,508
73,615
636,428
2944,160
6295,444
9827,410
6013,717
7690,829
2286,97
6051,107
2398,682
6892,326
1457,940
1270,134
9342,542
3746,21
8286,696
6122,52
6429,117
6192,456
7493,881
3599,181
5539,973
1020,812
3392,894
7822,971
7501,683
4371,212
7357,109
5156,20
2722,308
8465,397
4814,399
3504,97
2059,681
7293,39
1006,662
6132,319
9106,323
6401,979
6174,536
4217,234
2659,599
1464,117
6489,844
2040,870
2130,905
9190,236
2124,367
2801,971
1593,908
2022,285
2644,119
5758,473
9321,218
9125,804
6005,928
7840,13
8461,96
6110,271
5782,946
9522,50
1900,76
8629,539
833,761
5809,938
4819,304
8871,216
1174,4
704,599
2862,899
5946,965
7047,921
179,159
2777,401
6556,885
150,350
4828,472
1792,502
9625,627
3467,191
2609,596
8345,211
1502,81
5150,841
6840,643
7376,418
649,49
4888,877
8135,78
4995,298
7408,274
1118,391
9068,735
6908,946
755,482
7593,933
615,379
4170,73
9202,939
4323,957
3167,11
860,482
8825,486
3274,194
8131,37
9241,694
3965,330
3727,258
4840,71
3879,559
8264,287
143,964
7158,110
8376,847
5604,750
2646,300
7933,42
5839,651
883,554
8830,205
5134,19
3440,927
8099,883
5804,507
9002,724
9387,81
8869,638
1868,85
7959,18
1262,804
2187,229
8451,719
4641,248
1906,88
1282,264
519,775
1915,454
8133,119
6528,651
7021,150
6174,143
222,467
384,130
6669,445
1,467
8404,657
9413,996
3533,939
4849,673
5507,817
7280,491
8564,132
2584,133
7474,224
1569,975
1508,646
581,306
265,635
5843,78
2317,470
5365,577
5130,880
9194,934
5292,480
3284,856
3728,959
1640,315
2559,579
6011,341
3735,943
8436,299
1153,757
237,481
4384,83
7800,45
8378,142
6800,6
2075,953
6152,955
4804,269
2893,579
5496,703
9456,410
7095,527
1346,509
5369,790
4582,934
6478,953
5115,986
9036,806
2124,806
9807,827
7034,486
9852,284
349,526
3138,500
8706,481
4505,796
2672,294
7860,35
6787,778
1512,47
4990,532
8417,719
3159,343
3209,878
1335,568
5681,746
1904,88
7362,742
1985,769
2370,110
669,118
701,22
1086,944
4986,480
4238,165
1609,666
1832,175
5739,870
3263,251
7333,757
8762,436
3652,977
4324,7
5759,972
6704,761
4328,343
3417,136
452,998
5427,57
1853,35
5100,584
8039,546
407,186
6570,223
7935,400
1472,545
1191,366
5632,740
901,608
9920,640
9580,565
9905,128
7688,428
6625,765
9945,484
1248,285
763,633
2037,428
4154,769
24,828
8766,115
1899,829
9634,759
4851,829
2583,725
4775,549
7979,235
8263,358
8282,947
2075,24
689,257
3227,261
6724,543
5750,544
348,669
2828,696
1854,273
4463,49
6004,567
6424,336
3925,136
3900,837
9910,452
1899,170
2176,594
4977,819
2640,699
6963,176
7694,851
7686,569
8412,359
6114,468
797,667
8610,702
5094,292
2917,641
1192,739
5203,128
8896,908
1688,475
1976,92
9567,283
5549,205
3394,946
2999,206
5779,973
9256,994
879,633
2922,293
1586,72
2388,374
2891,816
2808,373
3224,448
2851,568
7101,577
1733,608
6442,948
5978,739
515,900
887,67
5812,524
4122,910
8895,554
169,713
6894,496
3957,39
4951,255
90,882
7445,659
8695,343
3029,565
5379,865
8264,95
2453,891
114,930
4198,116
1211,192
9313,646
9551,149
6503,294
306,737
5200,343
3808,793
1249,723
3338,484
5856,896
9122,483
5405,617
7502,65
1527,743
9192,350
8136,668
8498,808
6505,90
2434,588
3722,162
9072,713
3528,665
6751,45
4309,379
2982,186
7904,809
8705,648
3071,590
3988,627
8791,672
6013,27
3489,172
5606,137
7484,431
4108,689
9259,938
3476,687
9535,988
2205,486
183,206
918,437
9972,417
2055,265
4608,264
2418,893
3233,381
701,501
9263,653
5956,275
8316,510
2891,366
4843,903
3370,57
9414,819
7974,536
2904,694
458,136
422,511
2580,226
2238,373
8232,558
5593,739
5355,749
8692,228
6404,251
6876,293
2052,333
5269,704
9175,323
1349,411
4842,977
7605,196
1905,966
4558,101
887,312
8404,464
5135,459
3111,356
9775,387
3654,82
6759,320
3304,311
4469,798
8477,238
6965,355
4517,850
505,722
2851,967
1173,274
834,382
7967,394
2015,417
7507,526
5677,699
1553,650
9605,510
1733,320
8235,624
3354,788
8373,582
6650,571
3896,719
3759,709
7101,115
5562,138
4985,212
2127,209
6822,177
8863,779
5755,547
5648,938
6498,387
5651,827
9744,859
1151,221
8062,905
9909,406
2574,321
342,416
855,512
3568,19
8370,964
4923,269
7306,909
3995,359
5081,204
9444,467
3473,844
2653,574
2341,527
7452,559
8536,332
9204,635
8591,597
7899,107
8533,468
4842,764
1896,134
7502,916
5254,596
3124,1000
3804,610
5232,594
8010,470
3594,697
3258,860
3414,249
9010,473
5100,529
9879,900
7021,457
1490,309
3778,943
687,497
8190,842
8448,218
6997,272
9887,541
3568,704
8962,885
4828,777
2480,754
5582,786
5403,439
2054,328
1011,274
7857,171
7069,93
7004,671
4535,250
9085,994
418,271
5995,66
5336,368
3751,987
7844,126
1963,692
3079,59
3738,648
6799,604
3332,533
2866,307
8952,571
1986,329
7309,770
6650,256
3611,220
9837,890
8327,728
8039,592
9999,865
1153,845
9027,740
9994,175
6071,501
7953,378
9500,829
9496,309
2031,770
5254,746
4442,80
9451,327
7245,248
9423,665
8677,877
5987,617
6262,899
1720,908
424,656
7997,172
2298,778
1579,791
5813,132
118,501
5046,577
3872,88
8654,804
4215,523
9028,836
233,386
3977,618
7759,848
8561,542
9179,349
5033,247
6526,68
2700,497
6743,99
6692,71
6170,530
6752,682
869,175
5389,835
7130,648
1454,855
2599,563
9663,962
2685,677
954,409
3277,466
388,108
8889,762
4402,920
867,645
4082,899
7221,370
3075,205
9747,896
7212,855
4010,272
2197,979
3244,353
3186,449
4938,361
1166,755
3459,536
2594,870
4888,299
8466,111
2308,979
3673,568
6955,31
4269,697
2111,196
3008,851
5165,536
834,517
1488,637
5937,524
9046,530
2907,691
7802,475
5660,790
485,272
7049,958
7336,533
5379,756
4233,20
7424,792
2691,736
2215,926
3895,353
4347,119
5954,166
7919,469
1593,842
4842,234
5831,53
4786,1000
186,635
5610,753
5256,639
7822,929
802,691
9850,139
2991,661
597,116
7210,105
3255,347
8745,408
7872,237
5813,21
2251,210
2343,427
8794,853
3893,847
2386,948
8586,395
7906,264
5785,761
1501,696
1970,282
8204,756
422,800
6737,955
8828,141
6012,301
1890,990
8867,902
3998,846
3919,521
7098,934
5357,210
9202,328
5198,836
576,543
58,630
7274,782
5403,521
5344,863
5284,89
3900,302
7091,869
9004,722
3794,687
2552,505
8139,662
1654,639
7534,102
9206,560
9160,32
2857,440
3804,974
8947,765
436,552
3736,163
6564,968
752,174
8219,566
2940,545
305,329
9336,496
2470,40
2733,321
165,124
8956,256
3786,319
5988,592
5874,511
5332,30
7165,285
1650,171
704,852
4284,861
8359,30
3150,344
7612,523
907,712
3459,87
3259,692
9544,392
3764,618
7673,104
852,705
5288,250
2708,283
2993,715
6905,281
7233,323
8149,353
3628,201
1550,863
9697,569
4135,720
7787,627
9521,71
3355,969
9721,54
1292,871
2466,950
3843,949
3296,338
7498,284
7720,934
420,938
5050,727
3089,254
4954,309
1325,595
2827,27
4876,272
1725,156
5314,647
1485,67
7604,173
1620,317
4212,859
4700,617
2317,106
9136,561
8180,347
9024,872
5207,255
8113,301
294,151
1451,87
6790,425
4498,432
9498,739
5971,984
213,583
1440,811
9667,841
2542,510
620,522
2997,626
8785,363
5406,824
6204,914
2926,989
8652,960
3360,644
9145,677
2106,98
2575,327
9343,877
899,714
9217,485
7913,701
811,954
7329,922
5181,9
6599,932
7567,919
2895,807
6362,892
4319,705
7743,713
468,389
4922,513
7759,299
3016,10
6924,954
939,598
453,953
7393,190
429,71
3527,321
3438,188
237,794
6949,746
8286,585
3736,860
5310,451
7449,805
9337,60
8326,184
4641,391
3085,117
3275,272
8640,325
7011,833
2938,459
1559,856
3461,48
2151,498
3482,408
1904,363
6438,947
6594,180
4654,207
4012,916
6449,540
3775,811
8792,182
6134,400
3116,630
1639,407
6415,674
3680,182
7534,736
9864,836
5301,470
1994,71
7764,413
4306,599
3047,109
3968,705
5524,21
469,430
1418,61
2365,630
3102,599
887,783
768,1000
7937,13
4015,989
565,620
9819,133
1032,714
952,28
4172,77
1795,617
1664,203
2060,263
1723,352
1402,984
4753,434
6027,476
5454,483
2623,682
3708,539
8917,83
9329,384
5481,838
6721,708
9904,335
1337,423
4399,304
1998,975
5760,720
6240,492
4157,378
8788,756
3907,400
6901,827
9827,229
1817,251
564,564
3506,953
1131,299
4725,101
4827,336
9055,704
4882,718
6954,426
2415,198
1590,16
4677,937
9782,927
6435,538
8225,580
7752,926
6982,733
6845,508
6887,113
806,371
8879,909
7684,286
4111,784
3895,439
3275,499
7641,663
9570,724
4547,238
3615,814
3467,88
6825,256
1700,990
345,664
2546,840
2409,559
4859,997
6872,446
5926,498
9025,660
1228,229
980,573
2773,943
143,675
4341,409
2064,479
8599,512
1191,485
5346,732
5797,470
2713,55
9435,318
193,778
5453,616
9227,233
5004,370
6295,940
2610,247
5169,533
3456,608
1591,397
771,285
5639,376
499,22
4829,814
9000,297
5942,110
4532,507
6514,631
420,51
880,831
2612,724
6673,842
2568,456
1808,173
4978,928
2523,382
6147,405
1614,814
9755,282
5036,819
8907,999
1424,57
9729,240
9623,30
6325,922
3451,423
5886,368
427,943
7137,191
6518,504
9242,678
2833,413
84,483
3385,710
8125,658
8462,894
-717
-670
-591
-582
-544
-540
-514
-468
-464
-464
-448
-428
-396
-363
-351
-272
-271
-271
-270
-258
-257
-251
-217
-212
-207
-174
-158
-156
-153
-152
-145
-136
-132
-122
-118
-109
-104
-100
-99
-95
-80
-80
-70
-64
-59
-59
-53
-52
-49
-45
-40
-38
-36
-34
-31
-25
-23
-13
-12
-12
-7
-7
6
6
13
15
16
24
28
28
37
40
41
43
47
50
51
58
61
63
72
73
74
78
79
83
90
96
97
100
101
104
117
119
123
126
127
130
135
140
142
145
150
157
163
175
177
183
184
185
188
190
196
202
207
210
210
210
211
215
216
219
219
220
221
221
221
221
223
226
227
229
231
235
236
238
241
244
246
247
248
248
249
252
253
256
260
265
265
268
269
269
275
276
278
281
283
284
289
289
290
292
296
298
298
304
304
305
308
310
313
317
317
320
323
326
327
327
327
329
330
331
332
335
341
343
344
345
349
352
352
360
360
361
362
367
367
367
369
370
373
378
385
389
389
389
390
392
393
394
396
398
402
405
406
413
416
418
418
420
421
428
432
434
438
440
444
445
448
450
451
457
457
457
458
462
468
469
473
479
479
479
483
485
490
491
493
498
500
501
502
502
504
506
506
509
512
517
523
523
524
527
534
535
536
540
542
546
551
552
552
555
563
567
567
569
570
572
576
577
580
580
583
590
592
593
594
594
596
601
601
602
603
605
608
610
611
612
613
613
618
620
620
624
624
625
625
628
630
631
631
636
638
641
642
643
644
652
653
653
656
661
665
668
668
671
671
674
675
675
679
679
682
682
692
695
696
700
706
707
714
719
720
721
726
728
731
732
735
737
738
739
739
741
743
749
752
752
753
756
759
760
764
765
767
770
772
773
775
776
779
781
788
789
790
792
793
794
800
801
804
807
810
813
815
817
817
818
819
825
825
826
826
827
830
833
834
836
836
837
839
839
840
845
846
847
848
853
858
859
863
869
871
874
876
877
883
883
886
898
898
900
903
905
909
910
910
913
915
916
918
924
925
927
929
930
934
938
939
940
941
945
945
946
954
956
956
956
957
958
962
963
963
964
964
970
970
971
973
974
974
976
978
980
981
982
984
986
989
990
998
1000
1000
1003
1009
1009
1010
1019
1019
1020
1022
1023
1023
1025
1026
1028
1031
1031
1032
1034
1035
1038
1039
1041
1043
1044
1047
1052
1052
1052
1053
1053
1055
1056
1065
1065
1065
1066
1066
1070
1073
1075
1078
1080
1083
1084
1086
1089
1090
1092
1094
1096
1101
1109
1110
1112
1112
1112
1114
1114
1115
1115
1116
1123
1129
1132
1136
1136
1138
1139
1146
1147
1147
1147
1148
1156
1172
1178
1179
1179
1181
1183
1187
1188
1189
1190
1191
1191
1192
1194
1198
1199
1203
1205
1205
1205
1208
1209
1213
1213
1216
1216
1219
1226
1228
1231
1234
1236
1237
1237
1238
1241
1242
1246
1247
1249
1252
1253
1256
1257
1259
1260
1263
1265
1268
1269
1271
1272
1272
1273
1274
1277
1278
1279
1280
1286
1290
1290
1293
1294
1302
1303
1305
1307
1309
1309
1311
1318
1318
1320
1320
1320
1322
1327
1327
1328
1328
1332
1341
1342
1342
1344
1345
1346
1349
1351
1351
1354
1355
1356
1357
1359
1359
1361
1365
1369
1370
1372
1374
1375
1375
1375
1376
1378
1378
1381
1388
1389
1389
1390
1396
1396
1399
1401
1406
1407
1410
1412
1413
1416
1420
1422
1422
1422
1428
1429
1432
1438
1439
1440
1442
1450
1452
1453
1455
1459
1466
1466
1474
1476
1477
1478
1480
1480
1484
1489
1491
1491
1495
1496
1499
1502
1504
1504
1506
1507
1508
1508
1509
1509
1511
1511
1511
1514
1515
1515
1516
1520
1520
1522
1523
1523
1528
1528
1529
1529
1529
1530
1532
1534
1537
1539
1539
1541
1541
1545
1550
1550
1550
1551
1561
1561
1565
1566
1569
1569
1570
1573
1574
1576
1577
1577
1578
1583
1583
1584
1586
1587
1591
1591
1592
1593
1595
1602
1603
1609
1617
1618
1619
1620
1620
1621
1626
1628
1629
1630
1631
1634
1635
1636
1637
1641
1644
1644
1650
1654
1655
1656
1656
1658
1661
1664
1669
1671
1675
1676
1677
1683
1683
1683
1693
1694
1696
1696
1702
1702
1703
1706
1708
1708
1710
1711
1713
1713
1714
1714
1715
1716
1716
1719
1719
1720
1721
1722
1723
1723
1724
1724
1724
1726
1726
1727
1731
1731
1734
1736
1736
1739
1739
1740
1741
1741
1743
1743
1743
1744
1747
1748
1749
1751
1753
1754
1767
1771
1771
1772
1774
1777
1779
1779
1780
1781
1781
1782
1786
1791
1793
1793
1794
1795
1798
1798
1799
1800
1805
1806
1807
1812
1816
1817
1820
1820
1829
1831
1832
1835
1837
1838
1839
1842
1842
1843
1849
1852
1852
1854
1856
1858
1863
1866
1868
1870
1871
1880
1881
1884
1884
1888
1888
1889
1893
1900
1903
1907
1908
1909
1909
1910
1910
1914
1915
1917
1917
1919
1919
1920
1921
1921
1924
1924
1928
1929
1930
1931
1933
1933
1934
1939
1945
1945
1947
1951
1952
1960
1960
1961
1963
1963
1964
1965
1965
1965
1966
1967
1973
1973
1974
1977
1981
1982
1983
1988
1988
1989
1992
1993
1995
1995
1997
1998
1998
1998
1998
2000
2005
2006
2012
2013
2016
2019
2019
2022
2023
2029
2031
2033
2038
2039
2042
2042
2043
2045
2049
2054
2056
2056
2057
2065
2069
2071
2072
2072
2073
2078
2080
2089
2089
2091
2092
2093
2096
2096
2097
2099
2100
2100
2100
2103
2103
2104
2107
2107
2107
2107
2108
2112
2113
2115
2116
2119
2120
2121
2122
2123
2124
2125
2133
2133
2135
2138
2138
2139
2140
2140
2141
2143
2144
2151
2154
2155
2156
2159
2159
2160
2168
2168
2172
2173
2173
2176
2178
2179
2180
2181
2181
2181
2182
2184
2190
2192
2195
2201
2204
2215
2218
2218
2218
2225
2228
2229
2231
2232
2235
2238
2238
2240
2241
2241
2242
2242
2243
2244
2244
2247
2247
2248
2251
2253
2255
2255
2262
2262
2263
2265
2278
2278
2282
2283
2283
2284
2285
2287
2290
2291
2291
2292
2292
2293
2293
2294
2295
2295
2298
2303
2306
2309
2310
2310
2313
2315
2315
2319
2319
2321
2323
2326
2329
2329
2330
2334
2334
2335
2335
2336
2341
2343
2346
2348
2354
2355
2355
2355
2357
2357
2357
2357
2359
2361
2363
2363
2366
2366
2368
2370
2374
2377
2380
2380
2381
2383
2384
2384
2386
2388
2389
2392
2392
2394
2394
2397
2400
2405
2407
2410
2414
2420
2422
2424
2427
2428
2430
2431
2438
2440
2441
2444
2448
2450
2452
2453
2456
2457
2457
2459
2460
2462
2462
2464
2464
2467
2470
2472
2472
2476
2479
2481
2483
2486
2492
2494
2497
2497
2498
2509
2510
2510
2512
2514
2520
2523
2523
2530
2531
2531
2532
2532
2534
2535
2537
2540
2540
2542
2543
2544
2546
2548
2550
2556
2559
2559
2560
2564
2565
2566
2568
2573
2574
2577
2577
2578
2579
2581
2581
2582
2582
2583
2588
2592
2592
2596
2598
2598
2600
2601
2610
2611
2616
2616
2617
2623
2623
2627
2627
2628
2628
2629
2631
2634
2635
2637
2639
2639
2640
2643
2646
2648
2649
2656
2656
2657
2658
2658
2668
2674
2675
2676
2677
2678
2681
2682
2682
2683
2683
2683
2685
2687
2696
2697
2700
2703
2704
2704
2705
2708
2709
2712
2715
2717
2718
2719
2721
2721
2723
2725
2727
2728
2729
2731
2739
2741
2742
2742
2745
2748
2749
2751
2753
2756
2760
2760
2761
2763
2766
2766
2774
2774
2776
2776
2776
2785
2786
2787
2787
2792
2793
2795
2795
2796
2800
2800
2800
2803
2805
2808
2808
2813
2816
2817
2820
2820
2822
2822
2826
2827
2827
2827
2827
2828
2829
2831
2835
2836
2839
2840
2843
2844
2846
2847
2847
2848
2852
2853
2856
2857
2860
2865
2865
2868
2869
2869
2871
2872
2873
2876
2876
2878
2881
2884
2887
2890
2894
2895
2897
2897
2901
2903
2904
2905
2911
2913
2914
2914
2916
2921
2922
2927
2930
2931
2932
2932
2935
2935
2939
2941
2941
2942
2943
2946
2947
2948
2952
2955
2955
2959
2959
2960
2964
2964
2970
2970
2972
2974
2976
2976
2978
2980
2980
2980
2980
2981
2986
2989
2989
2989
2991
2995
2996
2997
3000
3007
3008
3008
3012
3012
3016
3016
3019
3023
3024
3024
3026
3027
3030
3032
3033
3036
3037
3041
3042
3043
3044
3045
3045
3047
3049
3055
3060
3061
3061
3069
3073
3076
3077
3078
3081
3085
3086
3088
3090
3090
3091
3094
3094
3094
3097
3098
3098
3101
3105
3109
3110
3111
3111
3113
3116
3120
3122
3123
3125
3127
3129
3130
3135
3137
3137
3141
3141
3142
3145
3145
3147
3148
3148
3148
3149
3152
3155
3155
3159
3162
3163
3164
3167
3169
3171
3171
3171
3172
3176
3177
3178
3178
3178
3179
3184
3186
3186
3186
3188
3188
3192
3195
3198
3200
3205
3210
3212
3213
3217
3219
3219
3225
3226
3226
3228
3231
3234
3236
3238
3239
3240
3242
3245
3250
3251
3257
3258
3259
3259
3261
3267
3269
3271
3275
3278
3278
3279
3280
3283
3287
3289
3289
3290
3290
3296
3296
3303
3304
3305
3306
3306
3312
3317
3328
3330
3332
3333
3335
3342
3344
3346
3346
3348
3350
3352
3353
3353
3353
3354
3355
3357
3362
3368
3373
3381
3381
3381
3383
3389
3390
3395
3396
3398
3398
3404
3409
3409
3409
3410
3411
3412
3419
3420
3422
3425
3426
3428
3429
3431
3438
3439
3441
3441
3442
3445
3447
3449
3449
3449
3449
3449
3451
3452
3453
3454
3454
3455
3456
3457
3457
3459
3462
3463
3464
3465
3465
3473
3477
3478
3480
3481
3483
3491
3496
3498
3498
3498
3499
3503
3505
3505
3506
3508
3509
3511
3512
3513
3514
3515
3516
3519
3519
3519
3524
3526
3527
3529
3533
3534
3544
3545
3552
3553
3553
3554
3555
3557
3558
3559
3559
3562
3563
3564
3566
3569
3570
3571
3573
3574
3575
3579
3580
3580
3583
3584
3585
3586
3586
3589
3589
3589
3590
3591
3592
3594
3595
3596
3597
3600
3601
3604
3604
3606
3607
3610
3613
3614
3615
3622
3627
3629
3630
3633
3633
3635
3636
3639
3640
3641
3643
3644
3645
3645
3648
3648
3648
3652
3658
3663
3673
3673
3675
3676
3676
3676
3677
3679
3679
3679
3680
3682
3684
3685
3685
3687
3687
3689
3691
3692
3692
3693
3694
3696
3697
3699
3700
3700
3701
3701
3703
3711
3711
3715
3715
3717
3719
3720
3722
3723
3725
3726
3727
3733
3736
3737
3741
3743
3743
3744
3746
3747
3748
3748
3752
3752
3753
3757
3757
3757
3758
3759
3760
3760
3760
3761
3762
3764
3765
3767
3768
3768
3770
3775
3779
3781
3784
3785
3785
3786
3789
3792
3793
3794
3795
3796
3803
3808
3816
3818
3820
3821
3821
3822
3827
3829
3832
3832
3840
3841
3844
3844
3845
3848
3849
3851
3852
3852
3861
3868
3871
3871
3873
3877
3878
3880
3881
3883
3889
3889
3890
3891
3896
3898
3900
3901
3901
3905
3906
3910
3912
3914
3914
3919
3922
3923
3925
3927
3928
3928
3930
3931
3940
3942
3945
3946
3946
3947
3948
3948
3948
3952
3953
3953
3953
3954
3954
3955
3959
3962
3966
3966
3967
3969
3970
3972
3973
3973
3974
3974
3974
3980
3980
3982
3987
3987
3994
3995
3996
3997
3998
4001
4003
4004
4008
4012
4013
4015
4015
4017
4022
4023
4025
4026
4027
4028
4031
4034
4039
4039
4044
4045
4045
4046
4048
4053
4055
4055
4056
4058
4059
4060
4063
4064
4065
4066
4067
4069
4070
4077
4080
4088
4093
4093
4093
4096
4096
4096
4099
4103
4108
4109
4109
4114
4114
4115
4117
4119
4124
4124
4124
4126
4127
4128
4128
4131
4135
4135
4135
4136
4149
4150
4152
4153
4154
4157
4161
4165
4170
4172
4172
4173
4175
4175
4179
4181
4182
4183
4184
4185
4186
4187
4189
4190
4192
4195
4203
4205
4205
4206
4206
4208
4208
4213
4216
4219
4219
4219
4223
4228
4230
4230
4233
4234
4235
4236
4237
4239
4245
4246
4252
4252
4253
4253
4259
4262
4263
4265
4266
4270
4270
4271
4273
4278
4280
4281
4283
4286
4287
4287
4293
4302
4302
4303
4304
4304
4304
4305
4308
4314
4320
4320
4323
4324
4325
4326
4326
4330
4332
4335
4339
4339
4340
4345
4345
4346
4353
4355
4355
4361
4361
4367
4367
4369
4370
4370
4371
4371
4377
4378
4382
4385
4386
4387
4388
4390
4391
4393
4395
4396
4399
4401
4404
4407
4407
4408
4411
4413
4415
4415
4418
4418
4419
4420
4421
4421
4427
4428
4430
4431
4436
4439
4440
4442
4442
4444
4444
4444
4445
4445
4446
4447
4448
4452
4456
4457
4457
4457
4460
4461
4461
4462
4465
4468
4468
4471
4474
4475
4477
4478
4481
4486
4486
4489
4492
4493
4497
4501
4502
4504
4505
4506
4506
4507
4507
4508
4508
4517
4517
4519
4519
4522
4523
4524
4526
4527
4528
4529
4536
4536
4538
4539
4541
4543
4546
4547
4547
4547
4550
4551
4552
4555
4560
4562
4565
4565
4566
4566
4566
4567
4567
4569
4571
4573
4579
4583
4591
4591
4593
4594
4595
4597
4608
4609
4610
4610
4615
4616
4616
4619
4620
4623
4626
4627
4628
4630
4631
4632
4635
4637
4640
4640
4651
4656
4657
4659
4662
4671
4673
4674
4675
4682
4684
4684
4685
4686
4688
4689
4690
4692
4692
4693
4696
4696
4697
4697
4701
4701
4702
4710
4717
4717
4722
4723
4729
4731
4732
4733
4733
4735
4736
4737
4740
4742
4743
4744
4745
4749
4749
4752
4752
4754
4756
4757
4758
4758
4760
4763
4770
4772
4774
4780
4783
4783
4784
4784
4790
4793
4796
4796
4798
4798
4799
4801
4802
4803
4803
4806
4809
4810
4816
4817
4819
4819
4821
4821
4821
4822
4823
4827
4830
4834
4834
4835
4835
4836
4837
4841
4842
4842
4843
4844
4844
4846
4849
4850
4851
4854
4856
4856
4858
4861
4862
4866
4872
4872
4874
4875
4881
4882
4887
4888
4888
4889
4891
4897
4897
4898
4900
4901
4902
4906
4909
4913
4916
4920
4921
4925
4929
4931
4934
4940
4942
4943
4943
4943
4946
4949
4949
4951
4952
4953
4953
4953
4955
4957
4957
4958
4965
4967
4967
4967
4978
4978
4978
4980
4981
4982
4982
4986
4987
4996
4998
5001
5001
5008
5008
5011
5012
5012
5013
5013
5014
5014
5015
5015
5016
5017
5019
5019
5021
5022
5023
5026
5028
5039
5039
5039
5040
5040
5041
5042
5043
5045
5046
5050
5053
5054
5059
5060
5063
5067
5071
5073
5074
5075
5075
5075
5076
5076
5077
5080
5083
5087
5090
5094
5096
5106
5110
5110
5111
5111
5111
5114
5114
5114
5117
5119
5119
5121
5122
5124
5128
5128
5129
5134
5134
5135
5138
5138
5141
5141
5142
5143
5151
5153
5155
5158
5160
5161
5164
5172
5172
5177
5179
5179
5179
5183
5184
5186
5186
5190
5191
5194
5197
5197
5198
5200
5201
5204
5204
5205
5207
5211
5220
5221
5222
5223
5229
5233
5234
5238
5238
5239
5241
5242
5242
5243
5248
5250
5251
5256
5259
5259
5260
5260
5261
5262
5263
5265
5267
5269
5269
5271
5271
5273
5277
5281
5283
5285
5286
5286
5287
5288
5289
5291
5292
5295
5295
5296
5296
5296
5299
5299
5302
5302
5310
5311
5313
5322
5323
5326
5328
5334
5337
5338
5340
5342
5344
5348
5349
5351
5352
5355
5360
5361
5362
5363
5365
5368
5369
5369
5369
5372
5373
5375
5390
5391
5392
5395
5397
5399
5399
5402
5402
5404
5404
5406
5407
5409
5410
5410
5411
5412
5413
5415
5416
5416
5420
5422
5422
5423
5423
5436
5436
5439
5441
5445
5446
5448
5450
5451
5451
5453
5457
5458
5458
5458
5459
5465
5466
5467
5468
5468
5474
5475
5485
5485
5488
5492
5494
5495
5500
5500
5501
5502
5502
5502
5506
5510
5514
5520
5521
5522
5522
5523
5524
5524
5526
5526
5527
5528
5529
5529
5538
5538
5538
5538
5540
5541
5544
5545
5546
5550
5551
5553
5559
5562
5564
5565
5566
5569
5575
5576
5576
5578
5579
5580
5580
5583
5584
5585
5585
5586
5586
5587
5587
5588
5589
5590
5600
5601
5608
5609
5612
5614
5616
5623
5623
5623
5623
5626
5629
5631
5631
5632
5634
5636
5638
5642
5646
5646
5648
5653
5653
5654
5655
5658
5658
5664
5667
5667
5669
5672
5673
5673
5676
5680
5687
5687
5688
5689
5689
5692
5697
5698
5699
5699
5700
5700
5703
5710
5711
5716
5719
5719
5720
5721
5723
5723
5725
5727
5730
5730
5730
5735
5737
5738
5738
5742
5744
5746
5750
5751
5752
5753
5756
5758
5761
5762
5763
5766
5768
5773
5773
5779
5782
5786
5786
5787
5789
5794
5795
5797
5798
5803
5804
5806
5808
5808
5809
5810
5815
5817
5821
5822
5824
5828
5828
5828
5831
5838
5838
5840
5841
5845
5848
5851
5851
5853
5854
5857
5858
5862
5863
5863
5866
5866
5867
5867
5870
5878
5879
5882
5882
5887
5887
5893
5895
5896
5897
5900
5903
5905
5908
5909
5911
5912
5914
5915
5915
5915
5916
5919
5920
5920
5924
5933
5935
5936
5936
5937
5938
5939
5940
5941
5947
5948
5949
5949
5949
5951
5954
5954
5954
5955
5956
5956
5960
5964
5965
5965
5967
5975
5975
5980
5981
5981
5982
5985
5997
5997
5997
5998
6000
6005
6005
6006
6012
6014
6017
6020
6022
6022
6028
6030
6031
6032
6034
6036
6038
6039
6040
6040
6043
6043
6044
6044
6046
6047
6048
6054
6057
6057
6059
6059
6060
6060
6060
6061
6061
6063
6068
6069
6070
6071
6073
6074
6074
6075
6079
6082
6083
6084
6084
6088
6089
6091
6092
6093
6093
6095
6102
6102
6106
6109
6112
6114
6115
6116
6117
6124
6130
6131
6134
6135
6136
6139
6142
6148
6151
6151
6156
6159
6159
6160
6160
6164
6168
6170
6171
6173
6175
6179
6183
6184
6188
6189
6190
6190
6190
6191
6194
6194
6196
6198
6198
6199
6199
6199
6204
6204
6209
6211
6212
6213
6216
6217
6217
6219
6219
6219
6223
6223
6228
6229
6231
6234
6236
6239
6240
6241
6244
6246
6247
6250
6250
6250
6252
6257
6257
6260
6263
6264
6264
6265
6265
6267
6275
6280
6281
6282
6286
6293
6295
6297
6298
6298
6303
6308
6310
6313
6313
6315
6315
6315
6319
6320
6320
6326
6327
6328
6328
6329
6330
6333
6336
6340
6341
6342
6346
6346
6348
6349
6349
6351
6351
6352
6353
6356
6357
6358
6359
6359
6362
6363
6363
6371
6372
6372
6373
6374
6375
6377
6378
6386
6387
6388
6388
6390
6390
6392
6393
6398
6401
6403
6404
6408
6413
6413
6414
6415
6416
6417
6419
6420
6420
6420
6422
6424
6425
6425
6427
6429
6431
6431
6435
6435
6438
6438
6442
6443
6444
6445
6446
6448
6454
6458
6458
6460
6463
6464
6466
6467
6472
6473
6473
6480
6482
6487
6490
6494
6495
6499
6499
6499
6500
6500
6500
6501
6505
6508
6508
6508
6509
6512
6517
6518
6519
6520
6521
6522
6523
6524
6526
6527
6529
6535
6535
6536
6540
6541
6542
6544
6546
6548
6549
6550
6551
6552
6553
6553
6557
6557
6558
6558
6560
6561
6564
6564
6564
6564
6566
6566
6569
6576
6578
6587
6589
6590
6591
6591
6592
6595
6599
6603
6606
6606
6607
6607
6615
6619
6621
6623
6624
6625
6625
6626
6628
6628
6628
6628
6631
6634
6638
6642
6642
6643
6643
6647
6649
6649
6663
6663
6665
6666
6669
6672
6673
6674
6677
6679
6679
6682
6683
6685
6686
6692
6695
6698
6700
6700
6700
6702
6702
6703
6706
6707
6713
6720
6720
6723
6726
6728
6729
6729
6734
6734
6739
6740
6741
6743
6745
6746
6747
6749
6750
6752
6756
6757
6758
6758
6759
6761
6762
6762
6762
6765
6765
6766
6766
6770
6773
6774
6783
6785
6787
6795
6803
6803
6805
6807
6809
6809
6812
6812
6817
6820
6826
6828
6830
6830
6836
6842
6842
6846
6847
6847
6849
6850
6851
6852
6853
6854
6855
6858
6859
6861
6865
6868
6869
6870
6872
6875
6876
6877
6877
6878
6882
6883
6884
6884
6890
6892
6892
6892
6893
6893
6896
6899
6899
6901
6902
6903
6903
6905
6907
6907
6909
6911
6912
6913
6913
6914
6914
6915
6917
6919
6919
6923
6923
6924
6927
6927
6932
6933
6934
6934
6935
6936
6940
6944
6946
6948
6949
6953
6960
6961
6966
6966
6968
6969
6969
6970
6972
6973
6976
6977
6979
6980
6984
6986
6987
6990
6991
6991
6993
6994
6999
7002
7004
7008
7008
7009
7010
7010
7015
7016
7017
7017
7020
7020
7022
7024
7027
7027
7029
7040
7044
7047
7047
7058
7059
7061
7064
7065
7067
7068
7070
7071
7071
7072
7073
7077
7077
7078
7081
7083
7084
7085
7090
7091
7092
7093
7093
7096
7100
7104
7104
7105
7106
7107
7108
7109
7110
7110
7112
7114
7121
7121
7121
7123
7123
7124
7125
7126
7127
7129
7130
7130
7131
7133
7134
7138
7139
7140
7141
7141
7142
7143
7145
7146
7153
7156
7157
7158
7159
7159
7160
7160
7161
7162
7163
7163
7166
7168
7174
7174
7174
7180
7181
7187
7189
7189
7193
7197
7201
7201
7207
7207
7208
7210
7211
7212
7215
7216
7217
7220
7221
7226
7231
7231
7231
7233
7234
7235
7237
7239
7239
7244
7248
7248
7248
7250
7250
7250
7252
7253
7254
7255
7256
7257
7264
7268
7269
7270
7270
7274
7276
7276
7277
7280
7280
7281
7283
7283
7284
7285
7285
7288
7290
7291
7296
7301
7301
7302
7304
7305
7308
7310
7310
7312
7314
7320
7320
7323
7324
7330
7331
7332
7337
7337
7338
7338
7338
7339
7342
7344
7345
7347
7348
7349
7349
7350
7356
7357
7357
7357
7363
7366
7369
7371
7376
7378
7381
7381
7386
7387
7387
7390
7391
7392
7392
7394
7397
7399
7402
7402
7403
7403
7407
7410
7411
7411
7412
7415
7416
7416
7416
7419
7424
7428
7429
7432
7438
7440
7441
7444
7446
7456
7466
7467
7468
7470
7475
7475
7477
7480
7480
7480
7484
7487
7487
7491
7491
7492
7494
7500
7506
7506
7513
7513
7514
7516
7521
7523
7533
7534
7535
7536
7542
7542
7543
7546
7549
7551
7551
7552
7553
7557
7561
7561
7561
7563
7564
7565
7565
7570
7573
7573
7575
7577
7578
7580
7580
7584
7586
7587
7587
7593
7596
7601
7604
7606
7606
7609
7610
7610
7615
7621
7626
7630
7631
7634
7635
7639
7641
7643
7644
7646
7654
7654
7656
7660
7663
7665
7665
7669
7670
7671
7671
7674
7675
7678
7682
7683
7687
7688
7689
7690
7695
7695
7695
7702
7702
7702
7706
7712
7715
7715
7716
7722
7723
7723
7728
7728
7731
7733
7735
7736
7737
7744
7744
7749
7749
7749
7756
7756
7756
7757
7757
7758
7760
7764
7766
7771
7776
7776
7778
7779
7780
7782
7784
7786
7787
7787
7793
7796
7797
7797
7806
7807
7808
7810
7811
7813
7817
7817
7821
7827
7827
7828
7828
7830
7832
7836
7838
7842
7843
7845
7848
7851
7851
7852
7852
7853
7857
7857
7858
7859
7861
7862
7862
7863
7863
7864
7866
7866
7867
7872
7876
7877
7878
7883
7886
7887
7888
7889
7889
7891
7893
7893
7893
7893
7899
7900
7910
7916
7917
7917
7918
7920
7926
7926
7927
7933
7935
7936
7938
7942
7943
7945
7946
7948
7949
7954
7956
7956
7958
7959
7960
7961
7966
7967
7967
7969
7969
7969
7971
7974
7975
7981
7983
7985
7985
7988
7989
7989
7989
7990
7993
7993
7994
7995
7996
7996
8000
8004
8005
8006
8009
8009
8009
8010
8013
8014
8015
8016
8017
8018
8020
8025
8026
8027
8029
8030
8033
8036
8037
8038
8044
8044
8050
8053
8058
8058
8059
8064
8067
8067
8067
8077
8078
8081
8082
8085
8088
8089
8089
8090
8101
8101
8104
8106
8109
8113
8114
8116
8120
8125
8125
8125
8128
8128
8136
8136
8138
8138
8140
8140
8142
8145
8148
8151
8152
8154
8159
8159
8160
8160
8160
8162
8164
8167
8169
8172
8181
8185
8186
8188
8188
8190
8191
8195
8195
8200
8202
8202
8203
8205
8205
8208
8208
8208
8209
8214
8216
8217
8221
8221
8225
8225
8226
8227
8227
8227
8228
8228
8231
8233
8237
8240
8243
8246
8246
8246
8251
8252
8256
8257
8258
8258
8259
8259
8261
8263
8266
8270
8271
8273
8276
8276
8279
8282
8282
8283
8285
8285
8287
8287
8287
8288
8289
8291
8291
8293
8294
8297
8298
8305
8310
8311
8312
8313
8315
8316
8317
8317
8318
8319
8321
8322
8323
8324
8324
8325
8329
8332
8336
8336
8338
8339
8340
8343
8344
8344
8345
8347
8349
8353
8354
8360
8361
8361
8363
8364
8370
8379
8380
8380
8387
8387
8388
8391
8392
8392
8393
8396
8397
8398
8398
8401
8401
8403
8404
8407
8409
8410
8412
8417
8419
8420
8423
8426
8428
8428
8431
8434
8436
8437
8438
8439
8440
8441
8442
8442
8445
8446
8447
8453
8453
8455
8455
8458
8460
8461
8462
8467
8467
8468
8469
8474
8478
8479
8483
8483
8484
8485
8486
8487
8487
8490
8490
8491
8491
8491
8492
8495
8499
8503
8505
8509
8512
8515
8516
8517
8517
8518
8520
8525
8526
8526
8529
8531
8543
8543
8544
8544
8545
8565
8566
8576
8577
8579
8580
8588
8589
8592
8594
8594
8596
8597
8598
8600
8606
8608
8610
8612
8616
8618
8620
8621
8624
8626
8626
8632
8633
8634
8636
8636
8639
8639
8639
8640
8641
8642
8646
8653
8653
8654
8658
8659
8660
8660
8661
8663
8665
8667
8670
8671
8671
8671
8675
8676
8678
8678
8681
8681
8681
8682
8682
8683
8687
8689
8691
8691
8696
8697
8701
8704
8704
8706
8706
8715
8715
8718
8719
8723
8724
8724
8724
8727
8728
8730
8730
8732
8740
8742
8743
8743
8744
8744
8748
8751
8751
8754
8756
8757
8759
8759
8760
8760
8760
8762
8762
8766
8766
8769
8769
8774
8776
8783
8784
8788
8789
8790
8792
8792
8795
8797
8798
8798
8798
8799
8799
8799
8799
8800
8802
8816
8816
8818
8820
8824
8826
8833
8836
8836
8837
8838
8841
8842
8844
8847
8851
8852
8853
8856
8867
8868
8871
8872
8876
8876
8879
8879
8880
8883
8888
8891
8893
8893
8894
8894
8898
8901
8902
8907
8908
8908
8909
8912
8913
8915
8915
8918
8922
8924
8930
8932
8939
8940
8940
8942
8947
8947
8948
8950
8951
8953
8955
8956
8959
8964
8965
8969
8973
8974
8979
8979
8981
8983
8987
8992
8995
8998
9000
9003
9006
9007
9008
9009
9011
9012
9012
9015
9015
9017
9017
9020
9021
9022
9026
9027
9028
9028
9029
9030
9033
9033
9034
9041
9042
9042
9045
9046
9047
9049
9054
9055
9057
9058
9058
9060
9060
9061
9062
9065
9065
9068
9068
9069
9070
9070
9073
9074
9074
9081
9082
9082
9084
9084
9086
9087
9091
9092
9095
9098
9099
9100
9102
9108
9109
9110
9113
9115
9116
9116
9118
9124
9125
9125
9126
9128
9129
9131
9131
9133
9134
9134
9136
9137
9139
9141
9143
9143
9144
9146
9146
9147
9148
9149
9154
9158
9163
9165
9168
9171
9174
9174
9176
9177
9181
9182
9183
9187
9188
9189
9191
9193
9196
9196
9198
9198
9202
9202
9202
9204
9205
9207
9212
9214
9214
9215
9215
9215
9221
9224
9226
9232
9232
9234
9235
9236
9236
9238
9240
9241
9246
9248
9249
9250
9251
9251
9252
9254
9258
9259
9261
9263
9265
9266
9268
9271
9272
9274
9274
9275
9276
9279
9280
9281
9281
9281
9283
9283
9284
9286
9286
9287
9288
9290
9292
9293
9296
9299
9302
9303
9305
9306
9306
9307
9309
9310
9311
9314
9315
9316
9316
9318
9328
9336
9337
9337
9339
9343
9345
9346
9348
9349
9357
9358
9359
9362
9364
9364
9364
9365
9365
9368
9370
9370
9371
9371
9373
9376
9376
9378
9384
9385
9387
9389
9390
9393
9400
9400
9409
9410
9415
9417
9417
9417
9418
9419
9420
9420
9421
9425
9434
9435
9437
9437
9442
9444
9448
9451
9452
9453
9455
9457
9468
9468
9473
9473
9475
9475
9477
9477
9479
9482
9483
9495
9497
9498
9500
9502
9504
9505
9505
9507
9515
9515
9517
9520
9531
9534
9535
9536
9538
9541
9544
9546
9547
9547
9547
9549
9550
9553
9563
9563
9564
9565
9566
9566
9570
9572
9572
9573
9574
9575
9576
9578
9583
9594
9594
9602
9604
9607
9608
9611
9611
9612
9615
9621
9623
9628
9629
9633
9638
9646
9646
9647
9647
9653
9660
9664
9671
9672
9672
9674
9678
9682
9682
9683
9683
9685
9693
9694
9695
9696
9699
9701
9703
9705
9705
9708
9709
9711
9712
9714
9722
9724
9725
9726
9733
9734
9736
9738
9743
9745
9745
9748
9749
9750
9752
9753
9755
9758
9758
9759
9760
9773
9774
9779
9782
9784
9797
9799
9801
9806
9810
9810
9814
9814
9816
9816
9819
9820
9825
9828
9831
9831
9834
9841
9843
9845
9845
9849
9850
9850
9850
9858
9863
9863
9865
9870
9878
9879
9882
9884
9884
9884
9886
9886
9890
9894
9896
9900
9900
9902
9905
9907
9910
9910
9911
9913
9921
9921
9924
9927
9934
9937
9939
9939
9942
9948
9952
9954
9957
9965
9966
9969
9970
9982
9982
9986
9992
10001
10006
10007
10009
10011
10014
10018
10028
10031
10033
10041
10041
10045
10048
10058
10065
10072
10096
10098
10105
10106
10117
10123
10128
10131
10140
10165
10174
10178
10191
10192
10194
10199
10226
10233
10271
10280
10290
10342
10363
10373
10375
10414
10415
10423
10512
10600
10612
10660
10690
10735
10759
10845
10938
