# Primero viene la cantidad (n) de timestamps para ambos, luego n líneas que son un timestamp aproximado cada uno separado por una coma (',') del error, y luego n lineas de las transacciones del sospechoso
200
3813,15
4768,3
4077,5
4219,7
4854,10
2362,10
3875,3
2606,12
3218,19
3829,16
2334,19
4481,10
3062,13
3627,2
3001,5
1738,1
3945,11
4721,2
2473,4
1316,17
2159,14
2308,12
3029,4
1475,12
4864,6
1384,3
4822,13
3686,15
3014,12
1266,2
3472,10
1739,4
2133,10
1699,9
4872,19
2182,3
2517,10
4608,20
3141,6
3388,12
1633,18
1751,6
1622,20
4691,18
4703,6
2674,3
2170,13
1286,0
2912,7
4467,8
2338,2
3787,12
3740,13
4847,12
3478,6
4991,3
2328,8
2300,15
3854,13
1065,16
2856,9
1999,5
2836,8
1434,12
4672,1
3191,8
4718,14
1318,8
2926,9
4460,20
2842,19
4124,0
1390,18
4885,15
4248,13
1913,6
2660,20
2310,5
2041,15
3063,16
2224,7
1421,6
1128,13
1838,5
3909,14
2018,2
2562,15
2331,16
4765,19
4070,4
1166,16
2295,18
1167,9
4836,4
1764,9
4758,5
3665,6
3764,9
1544,11
2753,19
3055,19
2385,6
1607,8
3072,11
2943,16
2532,20
2804,11
4234,16
2762,6
4680,0
2214,6
1023,7
1706,9
3135,7
1556,13
1570,3
3991,12
2536,3
3880,3
4356,8
1277,15
1513,20
3818,4
1226,3
3625,18
4882,16
4030,14
2238,18
4743,8
4518,6
1716,2
2329,3
4598,5
1089,7
1240,0
1450,11
2620,2
2574,2
4025,15
3892,16
2213,15
2270,20
2355,0
4072,12
1250,17
2939,11
3928,12
2142,16
2744,5
1552,5
3689,2
1391,17
4106,11
2186,13
3351,19
1630,12
4073,13
3782,4
1707,13
3204,3
3966,17
1812,1
3619,0
3613,2
1396,17
1282,4
3839,5
1918,5
3690,4
2398,17
1728,1
4433,8
1334,19
1305,6
2763,8
1409,0
3820,2
3960,6
3325,9
3073,1
3594,16
3341,6
4649,11
1467,13
2824,1
3606,6
1088,14
1732,15
4690,6
3471,16
2546,17
1437,4
1075,2
1889,2
4709,18
4744,19
2909,20
4886,11
3281,17
3535,10
1022
1057
1076
1086
1090
1132
1159
1170
1225
1240
1262
1265
1282
1284
1286
1300
1320
1321
1328
1382
1385
1386
1409
1412
1426
1435
1439
1455
1473
1476
1528
1539
1554
1567
1568
1611
1628
1628
1644
1698
1699
1706
1718
1728
1729
1738
1743
1755
1760
1812
1843
1890
1913
1923
2000
2020
2054
2123
2149
2164
2172
2181
2186
2204
2216
2223
2251
2256
2289
2310
2312
2319
2326
2329
2335
2338
2340
2355
2355
2381
2410
2474
2511
2521
2536
2553
2563
2576
2616
2620
2652
2672
2747
2762
2765
2771
2815
2824
2828
2843
2857
2905
2928
2928
2930
2945
3000
3002
3028
3061
3063
3067
3072
3073
3138
3141
3186
3200
3206
3271
3321
3339
3353
3395
3472
3479
3486
3537
3603
3609
3611
3619
3619
3629
3667
3687
3690
3694
3739
3757
3779
3783
3813
3818
3819
3831
3839
3862
3877
3877
3905
3912
3938
3946
3964
3970
3984
4020
4024
4072
4073
4074
4075
4117
4124
4224
4244
4246
4356
4426
4442
4462
4487
4517
4589
4596
4650
4672
4680
4689
4697
4703
4719
4720
4720
4735
4747
4758
4770
4772
4823
4840
4851
4860
4861
4889
4890
4896
4897
4991
