# Primero viene la cantidad (n) de timestamps para ambos, luego n líneas que son un timestamp aproximado cada uno separado por una coma (',') del error, y luego n lineas de las transacciones del sospechoso
200
421,1
388,2
370,3
358,5
408,5
420,1
417,3
383,4
379,2
408,3
429,2
382,1
436,2
422,4
390,5
408,3
371,3
417,3
433,3
446,2
440,5
365,1
431,1
391,4
395,4
392,1
366,1
430,4
435,3
406,2
438,5
443,4
448,1
374,2
416,1
434,4
414,2
424,2
359,5
382,3
382,2
408,4
387,1
431,1
434,4
395,2
442,4
433,3
449,1
369,3
440,4
360,1
405,3
374,4
375,3
425,4
414,1
428,5
411,4
377,2
414,3
437,1
419,3
392,3
403,4
352,5
393,4
440,1
391,3
395,3
382,2
365,4
388,4
402,2
391,3
426,2
438,4
404,2
383,2
405,2
410,2
408,4
361,3
387,2
445,1
359,4
388,3
399,3
353,4
357,1
431,1
369,3
355,1
377,1
402,4
367,2
428,2
354,2
427,2
440,4
421,3
431,4
438,5
356,2
355,3
406,4
360,4
361,2
405,4
390,2
432,5
417,5
378,5
447,4
410,2
444,3
417,2
364,2
375,5
433,5
365,1
382,1
389,5
398,4
421,3
384,2
362,5
436,3
400,5
429,1
423,4
395,3
416,2
430,3
381,4
387,1
372,1
430,1
390,2
389,1
351,1
375,5
417,3
433,5
432,4
420,4
389,4
357,4
442,2
383,2
353,4
383,2
395,4
424,5
447,3
396,1
374,5
387,2
399,5
443,4
437,1
391,3
430,3
359,2
357,2
399,1
441,5
396,2
419,3
425,5
446,4
441,5
401,1
424,5
364,5
443,5
354,5
437,3
409,4
376,5
437,2
404,2
404,5
359,1
355,1
446,1
410,3
409,5
359,5
447,5
427,4
373,2
431,3
350,3
372,5
387,3
385,5
388,2
412,2
415,3
348
351
351
352
353
354
354
355
355
355
355
356
356
356
357
358
359
359
359
359
360
361
361
361
362
362
364
365
365
366
366
368
369
369
370
370
371
371
372
373
373
373
373
374
375
376
376
377
378
378
380
380
381
381
381
381
382
382
382
383
383
384
385
386
386
386
387
387
388
388
389
389
389
390
391
391
391
392
392
392
393
393
394
394
394
395
395
395
396
396
398
398
398
399
400
400
401
401
402
403
403
404
404
404
405
405
405
405
406
407
409
409
409
410
410
410
410
410
412
412
413
414
414
414
415
415
416
416
416
417
419
419
419
420
420
421
421
423
423
423
423
423
424
424
424
424
425
425
427
427
428
428
428
429
429
430
430
430
431
431
431
431
432
432
432
432
433
434
434
435
435
435
437
437
438
438
438
439
439
439
439
440
441
441
441
441
442
443
443
443
445
445
446
446
447
447
449
449
450
452
