# Primero viene la cantidad (n) de timestamps para ambos, luego n líneas que son un timestamp aproximado cada uno separado por una coma (',') del error, y luego n lineas de las transacciones del sospechoso
200
1000,2
1499,1
1999,1
2500,4
2997,5
3502,1
4001,5
4498,4
4995,5
5505,4
5998,4
6502,2
6997,4
7504,1
8001,5
8496,2
9000,4
9500,2
9997,1
10500,3
10997,3
11502,5
12001,3
12504,3
13002,5
13495,5
13996,1
14499,4
15005,1
15495,1
16001,4
16496,5
17003,3
17495,5
17997,1
18497,4
18997,2
19500,5
19997,3
20505,1
20997,2
21501,3
22004,5
22503,4
23003,1
23500,2
24004,3
24497,5
24998,1
25505,4
25997,5
26503,3
27005,4
27497,1
27998,1
28495,1
28997,3
29495,4
29995,3
30499,2
30997,5
31497,2
32004,5
32499,3
32998,3
33496,2
34002,1
34497,4
34999,3
35500,3
36001,1
36505,3
36996,4
37504,3
38000,3
38504,2
39004,4
39495,3
39996,1
40501,2
40997,3
41505,5
42001,3
42495,4
43001,1
43502,2
43999,2
44497,3
45005,5
45501,3
45998,4
46498,4
47003,3
47502,4
47999,1
48505,4
48996,2
49495,2
49999,3
50500,4
51003,1
51500,1
51998,2
52498,2
53002,2
53496,3
54005,1
54496,4
54997,3
55501,3
56004,3
56495,5
57003,2
57499,5
58001,3
58502,3
58996,5
59505,2
60005,2
60500,2
61002,4
61501,1
62005,4
62503,1
63002,1
63496,4
63999,1
64499,2
65000,4
65502,3
66001,3
66505,3
66997,5
67495,3
68002,3
68504,2
69002,2
69504,1
69998,3
70496,4
70997,5
71496,5
72000,4
72505,5
73003,1
73500,1
73995,5
74495,4
75002,2
75498,2
76002,1
76495,2
76996,5
77497,4
78003,5
78497,1
78995,5
79500,2
80005,5
80496,2
81002,2
81500,3
82002,1
82499,2
83000,3
83497,5
84005,5
84499,2
85005,1
85501,5
85997,4
86495,5
87000,4
87503,5
88003,2
88499,5
89005,4
89501,3
89999,4
90496,3
90997,1
91504,2
92004,5
92503,4
93002,5
93496,2
93998,2
94503,3
94999,3
95502,1
95996,2
96497,4
97001,4
97503,5
97997,3
98496,5
99001,4
99500,3
99995,5
100501,2
1000
1500
2000
2500
3000
3500
4000
4500
5000
5500
6000
6500
7000
7500
8000
8500
9000
9500
10000
10500
11000
11500
12000
12500
13000
13500
14000
14500
15000
15500
16000
16500
17000
17500
18000
18500
19000
19500
20000
20500
21000
21500
22000
22500
23000
23500
24000
24500
25000
25500
26000
26500
27000
27500
28000
28500
29000
29500
30000
30500
31000
31500
32000
32500
33000
33500
34000
34500
35000
35500
36000
36500
37000
37500
38000
38500
39000
39500
40000
40500
41000
41500
42000
42500
43000
43500
44000
44500
45000
45500
46000
46500
47000
47500
48000
48500
49000
49500
50000
50500
51000
51500
52000
52500
53000
53500
54000
54500
55000
55500
56000
56500
57000
57500
58000
58500
59000
59500
60000
60500
61000
61500
62000
62500
63000
63500
64000
64500
65000
65500
66000
66500
67000
67500
68000
68500
69000
69500
70000
70500
71000
71500
72000
72500
73000
73500
74000
74500
75000
75500
76000
76500
77000
77500
78000
78500
79000
79500
80000
80500
81000
81500
82000
82500
83000
83500
84000
84500
85000
85500
86000
86500
87000
87500
88000
88500
89000
89500
90000
90500
91000
91500
92000
92500
93000
93500
94000
94500
95000
95500
96000
96500
97000
97500
98000
98500
99000
99500
100000
100500
